5.420143E+12	1.468755E+0	6.810951E-3	7.895844E-2
1.045745E+13	1.436224E+0	1.314083E-2	8.145629E-2
5.089967E+12	1.411883E+0	6.396052E-3	8.338497E-2
5.008725E+12	1.397316E+0	6.293964E-3	8.456423E-2
1.449857E+13	1.364933E+0	1.821890E-2	8.725476E-2
1.416609E+13	1.343892E+0	1.780111E-2	8.905511E-2
1.876520E+13	1.337967E+0	2.358035E-2	8.956974E-2
1.860962E+13	1.330408E+0	2.338484E-2	9.023108E-2
2.754406E+13	1.318274E+0	3.461186E-2	9.130429E-2
2.715915E+13	1.305479E+0	3.412819E-2	9.245159E-2
2.658571E+13	1.286054E+0	3.340761E-2	9.422457E-2
3.066716E+13	1.275726E+0	3.853636E-2	9.518273E-2
3.013741E+13	1.259826E+0	3.787067E-2	9.667920E-2
2.975310E+13	1.248100E+0	3.738774E-2	9.779967E-2
2.917649E+13	1.230190E+0	3.666318E-2	9.953895E-2
2.873926E+13	1.216347E+0	3.611376E-2	1.009068E-1
2.833084E+13	1.203201E+0	3.560053E-2	1.022250E-1
3.578419E+13	1.186858E+0	4.496641E-2	1.038903E-1
4.319982E+13	1.175478E+0	5.428490E-2	1.050674E-1
4.271334E+13	1.165017E+0	5.367358E-2	1.061624E-1
4.224362E+13	1.154786E+0	5.308333E-2	1.072454E-1
4.140585E+13	1.136205E+0	5.203059E-2	1.092430E-1
4.460001E+13	1.124392E+0	5.604437E-2	1.105340E-1
5.100232E+13	1.105719E+0	6.408951E-2	1.126083E-1
5.403270E+13	1.095168E+0	6.789749E-2	1.137989E-1
5.252593E+13	1.068587E+0	6.600408E-2	1.168581E-1
5.596320E+13	1.067502E+0	7.032336E-2	1.169849E-1
6.643257E+13	1.067165E+0	8.347916E-2	1.170243E-1
6.642235E+13	1.067020E+0	8.346632E-2	1.170413E-1
6.641766E+13	1.066953E+0	8.346043E-2	1.170490E-1
1.712968E+14	1.067004E+0	2.152516E-1	1.170431E-1
9.094442E+13	1.067545E+0	1.142808E-1	1.169798E-1
6.962841E+13	1.063100E+0	8.749506E-2	1.175006E-1
6.016990E+13	1.024534E+0	7.560949E-2	1.221219E-1
5.591971E+13	1.009141E+0	7.026871E-2	1.240194E-1
6.446597E+13	9.896244E-1	8.100794E-2	1.264694E-1
7.023390E+13	9.803341E-1	8.825592E-2	1.276532E-1
7.006291E+13	9.779745E-1	8.804105E-2	1.279557E-1
7.576840E+13	9.695142E-1	9.521058E-2	1.290463E-1
7.466455E+13	9.552225E-1	9.382348E-2	1.309104E-1
7.336145E+13	9.379739E-1	9.218599E-2	1.331967E-1
7.224560E+13	9.228612E-1	9.078382E-2	1.352332E-1
7.717981E+13	9.089959E-1	9.698415E-2	1.371291E-1
8.258717E+13	9.026268E-1	1.037790E-1	1.380090E-1
8.751807E+13	8.916200E-1	1.099752E-1	1.395427E-1
8.629588E+13	8.774664E-1	1.084394E-1	1.415399E-1
8.874792E+13	8.726419E-1	1.115206E-1	1.422271E-1
9.141633E+13	8.704901E-1	1.148738E-1	1.425346E-1
9.153444E+13	8.717981E-1	1.150222E-1	1.423476E-1
9.440712E+13	8.719293E-1	1.186320E-1	1.423288E-1
9.439665E+13	8.718169E-1	1.186188E-1	1.423449E-1
9.436840E+13	8.715138E-1	1.185833E-1	1.423882E-1
9.443159E+13	8.721917E-1	1.186627E-1	1.422914E-1
9.122164E+13	8.683283E-1	1.146291E-1	1.428443E-1
8.791692E+13	8.630952E-1	1.104764E-1	1.435966E-1
8.748441E+13	8.580719E-1	1.099329E-1	1.443223E-1
8.194803E+13	8.594137E-1	1.029759E-1	1.441281E-1
8.141671E+13	8.527723E-1	1.023082E-1	1.450919E-1
8.691633E+13	8.514156E-1	1.092191E-1	1.452896E-1
9.206008E+13	8.462650E-1	1.156827E-1	1.460424E-1
9.359256E+13	8.325160E-1	1.176084E-1	1.480704E-1
9.842902E+13	8.254949E-1	1.236859E-1	1.491165E-1
9.754382E+13	8.160854E-1	1.225736E-1	1.505296E-1
9.659025E+13	8.057912E-1	1.213753E-1	1.520902E-1
9.479331E+13	7.859236E-1	1.191173E-1	1.551456E-1
9.463464E+13	7.841385E-1	1.189179E-1	1.554229E-1
9.398292E+13	7.767516E-1	1.180989E-1	1.565755E-1
1.019922E+14	7.786162E-1	1.281635E-1	1.562838E-1
1.070622E+14	7.770130E-1	1.345344E-1	1.565346E-1
1.050644E+14	7.566842E-1	1.320239E-1	1.597469E-1
9.914272E+13	7.479545E-1	1.245827E-1	1.611450E-1
9.814850E+13	7.368762E-1	1.233334E-1	1.629353E-1
1.049707E+14	7.292259E-1	1.319062E-1	1.641822E-1
1.113722E+14	7.182946E-1	1.399503E-1	1.659787E-1
1.136981E+14	7.168256E-1	1.428731E-1	1.662215E-1
1.185646E+14	7.160971E-1	1.489883E-1	1.663420E-1
1.185564E+14	7.160195E-1	1.489780E-1	1.663549E-1
1.138461E+14	7.182847E-1	1.430591E-1	1.659804E-1
1.145143E+14	7.248267E-1	1.438987E-1	1.649031E-1
1.024841E+14	7.022914E-1	1.287815E-1	1.686406E-1
9.907946E+13	6.912230E-1	1.245033E-1	1.705038E-1
9.277403E+13	6.729844E-1	1.165798E-1	1.736132E-1
9.903361E+13	6.626276E-1	1.244456E-1	1.754007E-1
1.053459E+14	6.540828E-1	1.323777E-1	1.768873E-1
1.061442E+14	6.367249E-1	1.333809E-1	1.799401E-1
1.039381E+14	6.108260E-1	1.306087E-1	1.845766E-1
1.051460E+14	5.982608E-1	1.321265E-1	1.868610E-1
1.130660E+14	5.866447E-1	1.420787E-1	1.889931E-1
1.212518E+14	5.793572E-1	1.523650E-1	1.903405E-1
1.273843E+14	5.744164E-1	1.600711E-1	1.912583E-1
1.293494E+14	5.495165E-1	1.625405E-1	1.959360E-1
1.255795E+14	5.318335E-1	1.578031E-1	1.993104E-1
1.246816E+14	5.216646E-1	1.566749E-1	2.012702E-1
1.365875E+14	5.135303E-1	1.716358E-1	2.028481E-1
1.420168E+14	5.045472E-1	1.784583E-1	2.046008E-1
1.406250E+14	4.898102E-1	1.767094E-1	2.074994E-1
1.380911E+14	4.846686E-1	1.735252E-1	2.085174E-1
1.417785E+14	4.799484E-1	1.781589E-1	2.094549E-1
1.430511E+14	4.714205E-1	1.797580E-1	2.111560E-1
1.420774E+14	4.605091E-1	1.785344E-1	2.133460E-1
1.417481E+14	4.567401E-1	1.781207E-1	2.141059E-1
1.457390E+14	4.560782E-1	1.831356E-1	2.142395E-1
1.477227E+14	4.556309E-1	1.856284E-1	2.143299E-1
1.509383E+14	4.465444E-1	1.896691E-1	2.161703E-1
1.524798E+14	4.413531E-1	1.916061E-1	2.172263E-1
1.523229E+14	4.396058E-1	1.914090E-1	2.175825E-1
1.515777E+14	4.311693E-1	1.904725E-1	2.193073E-1
1.512678E+14	4.275932E-1	1.900831E-1	2.200410E-1
1.507884E+14	4.219765E-1	1.894806E-1	2.211963E-1
1.445872E+14	4.188953E-1	1.816883E-1	2.218316E-1
1.403628E+14	4.155109E-1	1.763799E-1	2.225307E-1
1.458080E+14	4.094192E-1	1.832223E-1	2.237923E-1
1.490627E+14	4.008207E-1	1.873122E-1	2.255802E-1
1.506465E+14	3.960349E-1	1.893024E-1	2.265788E-1
1.506911E+14	3.966044E-1	1.893584E-1	2.264598E-1
1.524378E+14	3.939427E-1	1.915534E-1	2.270161E-1
1.534940E+14	3.824121E-1	1.928805E-1	2.294349E-1
1.434003E+14	3.770449E-1	1.801968E-1	2.305655E-1
1.283094E+14	3.515963E-1	1.612336E-1	2.359657E-1
1.283727E+14	3.527105E-1	1.613131E-1	2.357280E-1
1.306392E+14	3.241470E-1	1.641613E-1	2.418588E-1
1.375646E+14	3.116980E-1	1.728637E-1	2.445528E-1
1.517976E+14	2.958329E-1	1.907488E-1	2.480037E-1
1.488696E+14	2.729496E-1	1.870696E-1	2.530129E-1
1.407376E+14	2.543820E-1	1.768509E-1	2.571016E-1
