9.199533E-2	1.437345E+0	1.420888E-15	8.135851E-2
9.202090E-2	1.437596E+0	1.421626E-15	8.133888E-2
9.208957E-2	1.438271E+0	1.423608E-15	8.128622E-2
9.194764E-2	1.436875E+0	1.419512E-15	8.139515E-2
9.224916E-2	1.439837E+0	1.428220E-15	8.116416E-2
9.208380E-2	1.438214E+0	1.423442E-15	8.129064E-2
9.212529E-2	1.438622E+0	1.424640E-15	8.125886E-2
9.195552E-2	1.436953E+0	1.419739E-15	8.138909E-2
9.051863E-2	1.422703E+0	1.378553E-15	8.251095E-2
8.995716E-2	1.417072E+0	1.362601E-15	8.295912E-2
8.918430E-2	1.409263E+0	1.340773E-15	8.358534E-2
8.847356E-2	1.402020E+0	1.320834E-15	8.417098E-2
8.787716E-2	1.395897E+0	1.304201E-15	8.466979E-2
8.705890E-2	1.387426E+0	1.281528E-15	8.536543E-2
9.628391E-2	1.383219E+0	1.411571E-15	8.571326E-2
9.541506E-2	1.375007E+0	1.387763E-15	8.639700E-2
9.412644E-2	1.362685E+0	1.352772E-15	8.743472E-2
9.262409E-2	1.348095E+0	1.312462E-15	8.868174E-2
9.135411E-2	1.335567E+0	1.278794E-15	8.976860E-2
9.976703E-2	1.329016E+0	1.387681E-15	9.034296E-2
9.786996E-2	1.311574E+0	1.338339E-15	9.189257E-2
1.061035E-1	1.305904E+0	1.442918E-15	9.240278E-2
1.144769E-1	1.302188E+0	1.551148E-15	9.273880E-2
1.144012E-1	1.301587E+0	1.549213E-15	9.279331E-2
1.228811E-1	1.299219E+0	1.660200E-15	9.300830E-2
1.203980E-1	1.280631E+0	1.597327E-15	9.471580E-2
1.197006E-1	1.275336E+0	1.579856E-15	9.520857E-2
1.171864E-1	1.255966E+0	1.517545E-15	9.703595E-2
1.150246E-1	1.238944E+0	1.464821E-15	9.867407E-2
1.136288E-1	1.227765E+0	1.431200E-15	9.976656E-2
1.120049E-1	1.214566E+0	1.392502E-15	1.010737E-1
1.189982E-1	1.206829E+0	1.468187E-15	1.018488E-1
1.248916E-1	1.191932E+0	1.518376E-15	1.033596E-1
1.232260E-1	1.179561E+0	1.479895E-15	1.046329E-1
1.221876E-1	1.171753E+0	1.456118E-15	1.054455E-1
1.276757E-1	1.156324E+0	1.498415E-15	1.070713E-1
1.265714E-1	1.148277E+0	1.473634E-15	1.079301E-1
1.320336E-1	1.134441E+0	1.516238E-15	1.094244E-1
1.295418E-1	1.116705E+0	1.461602E-15	1.113725E-1
1.352010E-1	1.106149E+0	1.509498E-15	1.125497E-1
1.403397E-1	1.093056E+0	1.546551E-15	1.140285E-1
1.383265E-1	1.079492E+0	1.503873E-15	1.155823E-1
1.444815E-1	1.074549E+0	1.563055E-15	1.161542E-1
1.488990E-1	1.059079E+0	1.586140E-15	1.179634E-1
1.469619E-1	1.046686E+0	1.546224E-15	1.194344E-1
1.451961E-1	1.035209E+0	1.510203E-15	1.208138E-1
1.449160E-1	1.033372E+0	1.504521E-15	1.210361E-1
1.490982E-1	1.018114E+0	1.524471E-15	1.228996E-1
1.671758E-1	1.010305E+0	1.695986E-15	1.238649E-1
1.659208E-1	1.003078E+0	1.671107E-15	1.247653E-1
1.635188E-1	9.890449E-1	1.623905E-15	1.265331E-1
1.620918E-1	9.805786E-1	1.596122E-15	1.276121E-1
1.608407E-1	9.730735E-1	1.571922E-15	1.285766E-1
1.585240E-1	9.589666E-1	1.527503E-15	1.304098E-1
1.571100E-1	9.502181E-1	1.500642E-15	1.315600E-1
1.681858E-1	9.443579E-1	1.597009E-15	1.323363E-1
1.781321E-1	9.330231E-1	1.672313E-15	1.338510E-1
1.837333E-1	9.312201E-1	1.721777E-15	1.340935E-1
1.838890E-1	9.320550E-1	1.724682E-15	1.339812E-1
1.894753E-1	9.302590E-1	1.773873E-15	1.342230E-1
1.872574E-1	9.186231E-1	1.732744E-15	1.358006E-1
1.590394E-1	8.889046E-1	1.428362E-15	1.399147E-1
1.565587E-1	8.730594E-1	1.383889E-15	1.421586E-1
1.696159E-1	8.510001E-1	1.466472E-15	1.453416E-1
1.777638E-1	8.349611E-1	1.512383E-15	1.476993E-1
1.815749E-1	8.260147E-1	1.531009E-15	1.490305E-1
1.903619E-1	8.157067E-1	1.588598E-15	1.505786E-1
1.930358E-1	8.015959E-1	1.588296E-15	1.527226E-1
1.967166E-1	7.933761E-1	1.605314E-15	1.539849E-1
2.054046E-1	7.847965E-1	1.661881E-15	1.553129E-1
2.151917E-1	7.824051E-1	1.736905E-15	1.556850E-1
2.128426E-1	7.706429E-1	1.697853E-15	1.575271E-1
2.098536E-1	7.553414E-1	1.648612E-15	1.599540E-1
2.095217E-1	7.536179E-1	1.643174E-15	1.602295E-1
2.088916E-1	7.503330E-1	1.632870E-15	1.607558E-1
2.176641E-1	7.444409E-1	1.691468E-15	1.617038E-1
2.259749E-1	7.367589E-1	1.742649E-15	1.629474E-1
2.245460E-1	7.297378E-1	1.719555E-15	1.640916E-1
2.223350E-1	7.187031E-1	1.684017E-15	1.659046E-1
2.221397E-1	7.177182E-1	1.680889E-15	1.660673E-1
2.304034E-1	7.109326E-1	1.731690E-15	1.671921E-1
2.282672E-1	7.003781E-1	1.697732E-15	1.689551E-1
2.275486E-1	6.967830E-1	1.686357E-15	1.695594E-1
2.244823E-1	6.811744E-1	1.638074E-15	1.722050E-1
2.263485E-1	6.667703E-1	1.628306E-15	1.746782E-1
2.358435E-1	6.680475E-1	1.698755E-15	1.744577E-1
2.450348E-1	6.677722E-1	1.764479E-15	1.745052E-1
2.484894E-1	6.622460E-1	1.779605E-15	1.754613E-1
2.535822E-1	6.645330E-1	1.820188E-15	1.750651E-1
2.585212E-1	6.660299E-1	1.858389E-15	1.748062E-1
2.581826E-1	6.644863E-1	1.853123E-15	1.750732E-1
2.543009E-1	6.464654E-1	1.793070E-15	1.782164E-1
2.475982E-1	6.359635E-1	1.727838E-15	1.800701E-1
2.511324E-1	6.312781E-1	1.744439E-15	1.809023E-1
2.623469E-1	6.208309E-1	1.803722E-15	1.827694E-1
2.652333E-1	6.135444E-1	1.810574E-15	1.840810E-1
2.640099E-1	6.077538E-1	1.792021E-15	1.851288E-1
2.604963E-1	5.907278E-1	1.738970E-15	1.882377E-1
2.596283E-1	5.864261E-1	1.725913E-15	1.890297E-1
2.574832E-1	5.756221E-1	1.693725E-15	1.910306E-1
2.593345E-1	5.632228E-1	1.685463E-15	1.933474E-1
2.696005E-1	5.508325E-1	1.731261E-15	1.956840E-1
2.731529E-1	5.475376E-1	1.748489E-15	1.963089E-1
2.748051E-1	5.347636E-1	1.737494E-15	1.987461E-1
2.724024E-1	5.223613E-1	1.701857E-15	2.011337E-1
2.755908E-1	5.174851E-1	1.713730E-15	2.020782E-1
2.775634E-1	5.063094E-1	1.707603E-15	2.042549E-1
2.847444E-1	5.012215E-1	1.743276E-15	2.052514E-1
2.846609E-1	5.007861E-1	1.742040E-15	2.053368E-1
2.904027E-1	4.884574E-1	1.756397E-15	2.077663E-1
2.938999E-1	4.856754E-1	1.772847E-15	2.083172E-1
2.972813E-1	4.823487E-1	1.787580E-15	2.089774E-1
2.959949E-1	4.756178E-1	1.768504E-15	2.103174E-1
2.950111E-1	4.703838E-1	1.753903E-15	2.113634E-1
2.949807E-1	4.702208E-1	1.753452E-15	2.113960E-1
2.950649E-1	4.706720E-1	1.754702E-15	2.113057E-1
2.936461E-1	4.629900E-1	1.733620E-15	2.128470E-1
2.964835E-1	4.568266E-1	1.740217E-15	2.140889E-1
2.941577E-1	4.437833E-1	1.705506E-15	2.167325E-1
2.973632E-1	4.397121E-1	1.717519E-15	2.175619E-1
2.956686E-1	4.298712E-1	1.692075E-15	2.195749E-1
3.026752E-1	4.253886E-1	1.724940E-15	2.204956E-1
3.051894E-1	4.174153E-1	1.726400E-15	2.221391E-1
3.030906E-1	4.047268E-1	1.694464E-15	2.247694E-1
3.017167E-1	3.960995E-1	1.673392E-15	2.265681E-1
3.002792E-1	3.867675E-1	1.651174E-15	2.285228E-1
3.073388E-1	3.832480E-1	1.684541E-15	2.292624E-1
3.226150E-1	3.838632E-1	1.769269E-15	2.291330E-1
3.301405E-1	3.834657E-1	1.809880E-15	2.292166E-1
3.326734E-1	3.757667E-1	1.810949E-15	2.308389E-1
3.105312E-1	3.534629E-1	1.656450E-15	2.355722E-1
2.970304E-1	3.356606E-1	1.559202E-15	2.393843E-1
3.029674E-1	3.234204E-1	1.573036E-15	2.420217E-1
3.123904E-1	3.092629E-1	1.601669E-15	2.450880E-1
3.225395E-1	3.015669E-1	1.642490E-15	2.467614E-1
3.290329E-1	2.940259E-1	1.664467E-15	2.484055E-1
3.320778E-1	2.883367E-1	1.671506E-15	2.496486E-1
3.315016E-1	2.827548E-1	1.660479E-15	2.508704E-1
3.385650E-1	2.805870E-1	1.692654E-15	2.513454E-1
3.416286E-1	2.748530E-1	1.699464E-15	2.526035E-1
3.412319E-1	2.707550E-1	1.691461E-15	2.535038E-1
3.370674E-1	2.649425E-1	1.662432E-15	2.547827E-1
3.292915E-1	2.587702E-1	1.615457E-15	2.561429E-1
3.395646E-1	2.517471E-1	1.655833E-15	2.576931E-1
3.538814E-1	2.501449E-1	1.723279E-15	2.580472E-1
3.420553E-1	2.367656E-1	1.646792E-15	2.610085E-1
3.235529E-1	2.286939E-1	1.547102E-15	2.627989E-1
3.123578E-1	2.210665E-1	1.484003E-15	2.644933E-1
