155418199920757.031	13.939
122477794559030.594	13.940
117785496973544.344	13.941
117748248406995.062	13.939
117764915333589.797	13.940
117800577063120.859	13.941
117726399615351.594	13.939
117794086722009.406	13.941
117799972559367.672	13.941
117804172315374.906	13.941
117749297999016.219	13.939
117644120416046.797	13.936
117820654297614.953	13.942
117675272052917.859	13.937
117733364199974.844	13.939
117785846938588.828	13.941
117736767091238.391	13.939
117781933979809.125	13.941
117755150344178.328	13.940
122480705782999.047	13.940
122414091846240.344	13.938
122445013990842.672	13.939
122441144272166.125	13.939
122493376760103.062	13.941
122476934453833.344	13.940
122521666703599.781	13.941
122435323328997.625	13.939
122515081821807.922	13.941
127192876348764.391	13.940
150579266639877.562	13.936
127130945843244.687	13.938
122392135742883.109	13.937
122494898660311.594	13.941
122394516399035.922	13.938
131847833319070.922	13.939
136601176784221.672	13.940
127161753681359.594	13.939
117761066505959.578	13.940
117775889754475.562	13.940
117751778861210.453	13.940
122515677428256.672	13.941
127130190308711.781	13.938
127115423841046.141	13.938
127209882844991.516	13.941
127176764669095.875	13.940
127105431453310.547	13.938
127119647620854.172	13.938
127147430943366.484	13.939
127154162828182.516	13.939
126997201361779.594	13.935
126863254295194.469	13.931
127091353850153.734	13.937
126919907248644.234	13.932
122336994054378.766	13.936
122279954663028.859	13.934
122299747637404.734	13.935
122376001238414.078	13.937
122443492562169.391	13.939
122458442980096.609	13.939
122435091821061.859	13.939
122395343009575.875	13.938
122302292144959.922	13.935
122427518285898.312	13.939
122413661970260.250	13.938
122313759479255.641	13.935
122304539280196.969	13.935
122419449074773.844	13.938
122364165869424.781	13.937
122321294654083.828	13.935
122460593051937.312	13.940
122558401355668.312	13.942
122448883815274.141	13.939
122414058791232.297	13.938
122044144777683.406	13.927
122190668419632.812	13.931
122062919066205.047	13.928
122066911763983.609	13.928
122041934229023.281	13.927
126707522615834.844	13.926
131443739492656.000	13.927
131362563982346.094	13.925
131372509067331.062	13.925
131498078896144.141	13.929
131453227229161.734	13.928
130371764569843.125	13.897
129985742571143.547	13.886
129626354735763.234	13.876
129237892447885.594	13.865
128319490040748.359	13.839
128076407266663.391	13.832
127559353909405.984	13.817
126705115811441.875	13.793
126525546941532.484	13.788
126396464460088.922	13.784
126262241212892.578	13.780
126412956636281.531	13.785
125439292358641.078	13.756
129481681333680.062	13.744
132954376218967.875	13.717
132036226296652.750	13.692
126964304175387.891	13.673
126800616904526.547	13.668
126615064623672.672	13.663
126334545565224.562	13.655
125966478673387.391	13.645
125485136900527.672	13.631
125206092044176.797	13.623
124717054327273.031	13.609
124645376089762.828	13.607
123971450011717.531	13.587
123667591521504.703	13.578
123276160616481.906	13.567
123174148493428.469	13.564
123032468226907.875	13.560
123040618408857.109	13.560
122757169638157.812	13.552
122023671213625.672	13.530
121105374040216.766	13.503
119916715347572.062	13.468
118853242856292.266	13.436
118232750125091.328	13.418
117814945754872.562	13.405
117598188336229.000	13.399
117095615730669.766	13.384
120665584636214.609	13.370
120169507170738.594	13.355
119822339353624.375	13.345
119329146912031.828	13.330
118549689816089.609	13.307
118074886581291.953	13.293
117580214962656.937	13.278
116581822514538.500	13.248
115772905565420.812	13.224
115775139101451.312	13.224
115784040747870.406	13.224
114732667059110.906	13.192
113944644079102.953	13.168
117162264558107.047	13.151
116387123085853.703	13.128
115720946428972.437	13.108
114819909627576.875	13.081
114537569459311.891	13.072
114163459345053.922	13.061
113829562283230.031	13.051
113111518352178.953	13.029
112698965723106.687	13.016
112413150601619.531	13.008
112078500287441.844	12.997
111853645225609.469	12.990
114628128700690.391	12.966
114654331325481.281	12.966
118287064142346.437	12.968
-0.000	12.956
117339533854761.516	12.940
117210473688869.562	12.936
116696385308921.109	12.921
116320102168382.047	12.910
115718480239890.703	12.892
115467354202698.156	12.885
115208196447268.937	12.877
117913085642771.891	12.855
117775148828713.891	12.851
117501078794582.922	12.843
117173096371569.016	12.833
116388312556364.828	12.810
116163028074806.531	12.804
116157526675262.437	12.804
122687923532907.297	12.795
125909674695711.125	12.790
122375446566469.594	12.786
118963731185199.547	12.786
118788773736928.453	12.781
118474255961937.875	12.772
118119801902201.297	12.762
118147167083604.781	12.763
117720157748195.375	12.751
117438534483536.328	12.742
117319087285664.156	12.739
116993856490872.578	12.730
116559501713849.375	12.717
116041447442042.844	12.702
115897053490208.969	12.698
115305831726738.844	12.681
115275529622614.406	12.680
115319709448783.437	12.681
115339371706403.828	12.681
115264376156637.828	12.679
114916375672530.187	12.669
114343397215593.672	12.652
114428558757822.172	12.655
113938259861738.328	12.640
113799649367156.672	12.636
113270001269432.219	12.621
112916842964974.297	12.610
112568122928224.578	12.600
112024533225699.422	12.584
111877707676546.344	12.579
111818306905707.250	12.577
111564518077678.469	12.570
111046473620636.406	12.554
110816583754991.859	12.547
110540590208128.672	12.539
109967577756726.875	12.522
109473747295511.203	12.507
109256571861037.875	12.500
109178507470893.812	12.498
108677724551289.859	12.482
108273487991730.656	12.470
111018418427266.969	12.460
110729562571497.328	12.451
110347611751547.203	12.440
109831856586272.234	12.424
109254769228952.797	12.407
112115260353609.156	12.402
112098010755962.078	12.401
112049682040254.703	12.400
112182792703784.406	12.404
111381278859533.375	12.380
110856169065979.094	12.364
110156531154912.187	12.344
109783439630027.734	12.332
109348576551046.797	12.319
108538774394147.453	12.295
108267151946148.250	12.287
107602693328543.859	12.267
107164739151795.875	12.253
106756172489631.344	12.241
106218917636404.047	12.224
105773783031058.281	12.211
108200929845586.125	12.198
108248608602448.125	12.199
108294085270612.500	12.201
108083802047892.766	12.194
107997389923592.687	12.192
107914628591208.984	12.189
108062152822594.922	12.194
107948572793257.406	12.190
107576716285264.766	12.179
107508781979134.781	12.177
107185722845910.078	12.167
106821125904993.422	12.156
106831676000550.734	12.156
106686271929798.766	12.152
106573326734543.016	12.149
106539807367935.391	12.148
109307482802901.984	12.147
109272494295905.453	12.146
109125855973283.484	12.141
108665119111578.578	12.127
108230224978989.578	12.115
108050183172502.312	12.109
107368746056697.328	12.089
106909792362412.203	12.075
106447683251096.172	12.061
106119175868007.109	12.051
105367696239983.594	12.028
105117815149955.187	12.021
105600797475472.234	12.035
105400594925550.219	12.029
105352522390647.750	12.028
107671419518198.000	12.016
107542573983630.375	12.013
107375168795740.641	12.008
107085051217903.672	11.999
106688021341000.797	11.987
106437848928069.422	11.979
106385082578649.531	11.978
106305027903611.391	11.975
108671817073439.812	11.967
108599098154312.578	11.965
108223715569019.937	11.954
108139329775465.906	11.951
108179730358494.391	11.952
107936656530576.891	11.945
110627409190465.391	11.947
110660579872554.031	11.948
110773561276726.672	11.951
110542310035265.766	11.945
110297490773440.047	11.937
110309359069118.656	11.938
110165456533382.297	11.934
110108106968543.125	11.932
110111233296432.141	11.932
109727060125376.266	11.921
109301528553826.281	11.909
108985200693666.344	11.899
111370649153210.906	11.893
111213583175275.922	11.889
111042530322625.891	11.884
110850975719729.797	11.879
110705252960957.141	11.874
110578843450586.516	11.871
110536211332567.984	11.870
110596974528961.109	11.871
110305070326824.156	11.863
110261860659162.578	11.862
110059647489711.969	11.856
109859887441709.672	11.850
109837881226387.391	11.849
107466061467692.078	11.781
107061623705048.328	11.769
105638250555487.812	11.727
105441902362758.656	11.721
105591037566849.328	11.725
105771302675719.250	11.731
105440263661674.406	11.721
105099965050631.016	11.711
107171214449968.687	11.700
106823605709428.062	11.690
106481015947489.828	11.680
105984233662366.562	11.665
105700846145126.125	11.657
107775314071211.625	11.647
107752692904523.359	11.646
107581156928987.500	11.642
107327786765639.969	11.634
106805835152760.156	11.619
106902984606200.703	11.622
106569934677527.469	11.612
106420389485523.516	11.608
106278316917514.687	11.604
106244776844522.250	11.603
105852584918039.984	11.591
105685505449536.187	11.586
107711858448847.250	11.577
107779008526590.719	11.579
107668087944607.922	11.576
107730690461404.687	11.578
107682354203683.969	11.576
107724470440552.062	11.577
107561188243823.766	11.573
107604442584086.359	11.574
107464577928294.672	11.570
107309138501179.094	11.565
107013483798686.219	11.557
106868909773054.000	11.553
106778158213134.891	11.550
106758353751222.141	11.550
106307755313798.578	11.536
106202047684359.797	11.533
106164482634796.375	11.532
105796780219948.000	11.522
105357405199049.281	11.509
104394346918136.266	11.480
104603490994561.281	11.487
104697274366122.703	11.489
104608188797383.156	11.487
106385850845060.141	11.472
106107291809510.344	11.464
106096165034071.484	11.464
105824622336878.078	11.456
105608142608138.469	11.450
107696193297121.328	11.445
106796052813569.484	11.420
106102295748533.219	11.400
104091534398726.312	11.341
104107050533465.016	11.342
104372114891218.031	11.350
104273925213226.797	11.347
104315803217631.016	11.348
104324118994432.250	11.348
103944048236213.687	11.337
104204031887067.578	11.345
103926987170532.875	11.337
106312217993017.828	11.343
106372620191485.937	11.345
106339427054403.406	11.344
106346794907467.047	11.344
106300230992697.453	11.343
106227774815583.328	11.341
105999674071591.562	11.334
105641858824783.516	11.324
105259847858297.078	11.313
104878089724562.578	11.302
104779144972865.828	11.299
104447072360874.656	11.289
104278286645082.453	11.284
104096608378842.500	11.279
102671129010945.875	11.237
102315386110316.187	11.227
102316398779784.344	11.227
102237736907458.344	11.225
102241852783825.125	11.225
102304652278875.094	11.227
102316196245312.484	11.227
102333750359572.047	11.227
102298475648175.672	11.226
102265538372726.812	11.225
102298644404784.812	11.226
102351711921990.203	11.228
101733008756614.953	11.210
101862302534101.406	11.214
101749613291452.953	11.210
101543344765276.469	11.204
101476738664897.094	11.202
103225273718929.953	11.193
103106310997335.906	11.189
102645266558169.844	11.176
102750996792144.422	11.179
102459349658800.719	11.170
102277214096602.937	11.165
101714272197904.453	11.149
101572604182745.359	11.144
101576888828391.531	11.145
101365653180772.578	11.138
101338943704475.594	11.138
101108042751028.203	11.131
100974334608491.719	11.127
100799898599899.391	11.122
100712715697626.578	11.119
100655038650446.859	11.117
100549501685827.844	11.114
100468404595651.125	11.112
100259580600278.937	11.106
102281913080197.437	11.106
102203553073824.375	11.104
102296602109718.125	11.106
102175184308963.922	11.103
102187409733685.250	11.103
102238025888771.078	11.105
101876295077625.172	11.094
101789477000774.750	11.092
103045416124311.609	11.070
102988163272063.609	11.069
103050650296607.719	11.070
104967512086746.844	11.069
104876048722086.422	11.066
103151619540627.828	11.073
102997181670353.609	11.069
101168171140902.828	11.073
103157822745906.859	11.074
103178743413478.156	11.074
103174814081296.281	11.074
103157443653345.437	11.074
100548993382896.344	11.055
100290601131397.375	11.048
101951841731131.625	11.039
107552871632543.703	11.031
109362552212818.453	11.027
109479744665606.219	11.030
109196392601972.953	11.022
108581803817760.297	11.006
108449520084235.984	11.002
106272660331709.016	10.995
102255709122172.297	10.991
102056364015834.516	10.985
102010556187875.484	10.984
101403067871658.359	10.966
101537558604631.812	10.970
101295654153938.750	10.963
101025587222545.687	10.955
100821692673217.906	10.949
100895865152745.562	10.952
100902096291502.156	10.952
100513157444158.437	10.940
100490887095541.891	10.940
100144378549479.828	10.930
99606597994729.156	10.914
100920592754396.641	10.897
100383016750734.453	10.882
99653700427503.750	10.860
99561933451607.016	10.858
99677965493547.047	10.861
101524785800885.641	10.861
101652469654109.922	10.865
101572260227827.906	10.862
101502935939283.984	10.860
103360638922802.891	10.861
103422404075606.766	10.863
101579236064583.375	10.863
101153063612569.016	10.850
100940793914045.906	10.844
100947805714503.531	10.844
100967846359011.531	10.845
100955539740912.453	10.845
100974171988600.375	10.845
100956467854115.406	10.845
102872983319848.906	10.847
102895363254526.375	10.848
102614777197682.219	10.840
102251880369240.156	10.829
102077445577454.625	10.824
101953558442923.109	10.821
101946288825559.500	10.821
101893326353501.344	10.819
101942149839134.812	10.821
101856164191779.312	10.818
101725743187483.937	10.814
101704076491093.734	10.814
101656553916546.484	10.812
103298115682704.031	10.807
102889173135032.266	10.796
102581058628638.984	10.787
102453821482223.953	10.784
102195890137448.422	10.776
101777619548803.062	10.764
99688393196086.172	10.756
99167523137007.031	10.740
98795841042481.687	10.730
98704536258654.312	10.727
98768364802134.500	10.729
99024126981596.984	10.736
100152263888510.500	10.718
100302833796542.578	10.722
100153745992346.078	10.718
100751588111471.125	10.735
100382947532034.516	10.724
99692579213822.875	10.705
99241165163443.578	10.691
98716577232437.406	10.676
98181863259009.828	10.661
97796686788919.172	10.649
99357016246176.281	10.645
99235789877676.406	10.641
98783068179136.781	10.628
98546675751787.625	10.621
98379334825042.031	10.616
99675594985307.906	10.605
99212590808600.875	10.592
98746949257796.594	10.578
98685440166397.594	10.576
98608980998310.203	10.574
98666261030774.266	10.576
100489365697977.578	10.580
100419717077038.875	10.578
100087613715854.781	10.569
99746319606921.250	10.559
99451099918678.969	10.551
99242718009132.609	10.545
98576195184098.062	10.525
98606857097203.453	10.526
98397644065581.703	10.520
98381527577762.109	10.520
98040107443546.328	10.510
99311473449594.969	10.500
99155986116461.250	10.495
99128304477437.984	10.494
99003357732780.578	10.491
100684988830422.781	10.492
100557847175302.469	10.489
100247336470032.859	10.480
99798736422341.156	10.467
99690882029519.281	10.464
99438444604140.187	10.457
99043057645210.562	10.446
98927629448046.203	10.443
98702436775725.953	10.436
98507161808542.422	10.431
98395191535899.234	10.427
97962249653277.000	10.415
97910222002547.000	10.414
96849519554542.625	10.383
96888424294202.750	10.384
96732978999230.562	10.380
96795710513763.875	10.381
96782304640875.078	10.381
96847838747384.828	10.383
98496718861622.719	10.385
98366408730839.406	10.382
98352263044741.437	10.381
98317428015307.859	10.380
98348674607656.672	10.381
98366373887635.969	10.382
98461531341600.391	10.384
98425516694587.969	10.383
98415059315649.281	10.383
98322583004724.562	10.380
98509938422436.641	10.386
98455150468330.109	10.384
98394809259086.672	10.382
98516426616969.375	10.386
98479106465629.578	10.385
100018249424673.031	10.384
101639037531648.000	10.386
102983265549278.266	10.380
101450799089904.391	10.381
99961729952955.281	10.383
100218599146050.766	10.390
100034189734612.828	10.385
100107929780973.453	10.387
99921904594143.906	10.381
100109595693390.125	10.387
99960667779943.984	10.383
99949090732177.500	10.382
98419625597659.906	10.383
98398852054900.141	10.383
98500520656940.531	10.385
98405299859426.281	10.383
98371635351660.719	10.382
99911392705081.828	10.381
99138468252725.484	10.359
98475820687779.547	10.341
97952224949297.969	10.326
97560190042375.359	10.315
97614706416925.297	10.316
97516155681446.375	10.313
97192321026059.906	10.304
97154094936075.359	10.303
96455938727063.047	10.283
97111619445704.359	10.302
97011860753573.828	10.299
96997912487500.641	10.298
97079512302933.391	10.301
96981820214191.516	10.298
97046893852822.703	10.300
97276992581459.844	10.306
97210935679380.156	10.305
96531331389159.734	10.285
97813937730948.125	10.279
97575338737445.734	10.272
97103494137278.391	10.258
97001730948737.687	10.255
96461116040643.719	10.240
96165637561056.375	10.231
95865506621233.875	10.223
95451847097387.266	10.211
94806143851363.719	10.192
95467635049403.109	10.169
96803849778563.516	10.166
99679986017852.891	10.166
99716695457232.406	10.167
101106116153301.875	10.165
101088633275849.125	10.165
102555931673192.922	10.165
101187136643416.219	10.167
98251166058206.375	10.166
102559893296534.828	10.165
109835538288964.844	10.167
112780522944773.406	10.168
112812317131771.437	10.169
107384463605896.141	10.178
105031011500315.594	10.154
104096569047702.891	10.168
104018141573921.078	10.166
104091496953303.094	10.168
101240142321845.766	10.169
99700318906188.703	10.166
99674228602629.641	10.166
98971345897218.437	10.146
97692067075043.094	10.110
96947769487818.031	10.089
96644040768644.609	10.081
96019711544496.828	10.063
95555700524241.125	10.050
96277343778909.594	10.031
95911312348747.328	10.021
95829511497885.984	10.019
97150873756247.047	10.017
97121877403487.641	10.016
97334206739535.594	10.022
97059820195370.766	10.015
97181014156263.156	10.018
97159296712820.250	10.017
97225135666673.953	10.019
97243236625781.453	10.020
97252519243523.484	10.020
97141136479752.219	10.017
97127775618703.141	10.017
97099743643110.172	10.016
97218201777631.141	10.019
95826917710298.187	10.018
96988741718424.875	10.013
103926080161448.672	10.015
101241432296465.828	10.017
95787351900179.187	10.017
95737185210349.953	10.016
95894022128680.781	10.020
95526786037787.953	10.010
95283333000087.859	10.003
95003467120724.875	9.995
94808125942141.484	9.989
93675624796097.844	9.957
93709118321358.266	9.958
93708291207341.312	9.958
93700089336483.750	9.958
95148706669178.812	9.961
94987571435875.906	9.956
94927980343680.187	9.955
96398645363515.391	9.958
96487658575853.719	9.961
96416194859314.344	9.959
96483153246546.000	9.961
96786181422918.531	9.969
96998038077760.078	9.975
96303494839524.266	9.956
96111496835413.344	9.950
95796201253433.719	9.941
95825207484453.422	9.942
95104392851383.797	9.922
94852065424181.078	9.915
94717135987441.312	9.911
94378964833452.125	9.901
94189145381650.219	9.896
93942446942747.812	9.889
93424825489918.516	9.874
92876995740181.078	9.858
93321429599003.422	9.834
92914629607272.531	9.822
94222961110845.312	9.823
96641233315038.187	9.820
96657141582881.312	9.820
96665564414735.344	9.820
96421958928714.937	9.814
96472626801947.828	9.815
96499765747224.031	9.816
96485638398232.016	9.816
96441540923311.359	9.814
97854792646576.469	9.818
99016396947271.016	9.815
95262426133277.312	9.817
96514829446219.859	9.816
96443660995983.703	9.814
96972836547223.578	9.829
97011956162889.922	9.830
96640153624514.141	9.820
95976018393263.922	9.801
95508202866590.812	9.788
95511377517174.172	9.788
96506793071048.984	9.781
95993814896205.375	9.767
95828040683687.172	9.763
95307756832383.594	9.748
96205746808346.875	9.739
95667141103439.297	9.724
94974700495707.906	9.705
95199648079537.094	9.677
94744658317689.797	9.665
94732919992966.031	9.664
93689826910484.828	9.669
94803545434269.656	9.666
94757936808090.562	9.665
94861851277301.906	9.668
94878939878856.531	9.668
94852537713778.516	9.668
94928535102305.203	9.670
96077109218175.422	9.668
95763165448231.875	9.660
96005983452756.937	9.666
95908010548572.937	9.664
97140725297038.000	9.665
98453417413325.812	9.668
98460072821036.984	9.668
97217696895590.562	9.667
97100551074430.281	9.664
97112950552506.000	9.664
97192254833963.422	9.666
97290783641837.594	9.669
97299711152577.984	9.669
97536608164484.547	9.675
97473939933195.844	9.674
97333148856011.594	9.670
96288581661591.750	9.674
96275935711278.578	9.674
96209238260524.187	9.672
96128129585623.625	9.670
96062235154092.172	9.668
95849545616540.094	9.662
96160944406312.891	9.671
96069272905637.422	9.668
95833901596490.359	9.662
95822206042345.203	9.661
94763178361422.797	9.632
94547042284307.375	9.626
94430000600417.344	9.623
95170846420405.219	9.611
94883039329390.562	9.603
94886355754447.844	9.603
94623911124718.687	9.596
94052212414581.172	9.580
94071657779037.281	9.580
93633534312458.094	9.568
93363497049747.328	9.561
93306250214606.531	9.559
93174768651588.781	9.555
93201829009932.469	9.556
94320215346701.500	9.555
94594528267478.000	9.563
94496127130147.687	9.560
94362945860756.187	9.557
93865417540082.578	9.543
93218312911497.484	9.525
94346058611123.484	9.525
94100092957832.187	9.518
93927892968333.891	9.513
93735629868131.562	9.508
93463943562124.156	9.500
93469464641218.453	9.500
93133558528860.375	9.491
93225947034207.500	9.494
93828421444007.687	9.479
93968597781318.594	9.483
93840863136206.234	9.480
93934269676635.781	9.482
93826726617900.297	9.479
93772467389850.594	9.478
93671907302660.984	9.475
93432024913438.078	9.468
93434577104965.359	9.468
93187621210840.125	9.462
94010762963312.109	9.454
93240595083391.359	9.432
93630657941713.734	9.443
93413916317256.172	9.437
93379499237205.609	9.436
93181292579194.437	9.431
93409807386641.797	9.437
94244424224429.437	9.430
94390067188499.609	9.434
94152392965795.703	9.427
94238893170012.922	9.430
94219463579337.641	9.429
94553061170570.734	9.438
94291775913089.391	9.431
94412110473035.641	9.435
94363438205745.078	9.433
94385950465203.406	9.434
94170248279719.891	9.428
94228268394442.750	9.430
94537631263361.125	9.438
94570426706729.437	9.439
94673429011682.297	9.442
94184650773503.922	9.428
93312794546324.969	9.404
92985686385718.531	9.395
92579503814903.484	9.384
92683699016442.062	9.387
92459902020937.828	9.381
91989988341215.937	9.368
91388315853097.266	9.351
91278689642166.812	9.348
92253504113151.328	9.346
92067506455455.578	9.340
91893284265508.469	9.336
92724208400013.078	9.329
92259287855774.453	9.317
92126886142630.266	9.313
92799444993300.594	9.303
93701092457889.109	9.299
93655529778140.344	9.298
93509944338100.141	9.294
93283344187565.125	9.288
92946426684820.141	9.278
92727548846684.687	9.272
92871847227511.266	9.276
93751901929665.500	9.272
93720194056301.016	9.271
93631323057629.750	9.269
93505250582894.703	9.265
93349635498349.016	9.261
93235413167423.719	9.258
92652776652353.594	9.242
92523119360279.141	9.239
93111791780622.250	9.255
93241231543254.703	9.258
93023540726620.547	9.252
92474960630498.312	9.237
91862454687793.484	9.221
91619289625399.812	9.214
91593292235363.047	9.213
92311544280091.703	9.205
92488135514489.891	9.210
92399370672858.531	9.208
92236736038483.922	9.203
91995079268460.812	9.197
91833020285038.156	9.192
91819455638594.984	9.192
91653936846260.500	9.187
91253960615469.953	9.176
90535312886571.016	9.157
90476588035296.641	9.155
91547760633727.750	9.157
93447578330564.375	9.156
92463259912253.281	9.155
93440392713427.766	9.155
93484587189169.906	9.156
93461098802682.266	9.156
93455875659028.328	9.156
93482141820054.484	9.156
93527389048590.766	9.158
93518012139534.047	9.157
93486847352390.406	9.157
93461765610538.078	9.156
93540955330643.437	9.158
93510859476690.500	9.157
93509710639942.000	9.157
92496762842632.844	9.156
92519164344845.609	9.157
92481623068988.297	9.156
92634316411945.937	9.160
92974167280180.547	9.169
93127734021669.266	9.173
92908821573431.703	9.168
92733854905746.172	9.163
92518210984307.750	9.157
92368665627984.453	9.153
92148437888054.406	9.147
91924484862794.625	9.141
92872391081477.516	9.140
91884146659454.469	9.113
91796373970048.375	9.111
91848167161859.344	9.112
92752275231113.562	9.111
93842188113835.906	9.114
93837333103192.344	9.114
94893577445080.469	9.116
93802494630580.984	9.113
93891010228027.641	9.115
92993005689219.953	9.091
90677821114007.609	9.029
90682260650575.969	9.029
91499941188102.812	9.026
93329738294129.562	9.025
93302614464675.875	9.024
92462521930503.828	9.026
92429940742339.844	9.025
92372369720152.312	9.024
92451054442647.781	9.026
92366287793254.453	9.024
92462225025877.000	9.026
92470946953544.984	9.027
92486128339988.375	9.027
92368179084212.250	9.024
92413913105259.172	9.025
92417845621974.594	9.025
92872197302660.516	9.037
92420368417832.750	9.025
91965993240802.047	9.013
91765232567751.031	9.008
91632571947071.000	9.004
91346098841870.078	8.996
91158149897647.562	8.991
90267213290433.953	8.967
91031882657259.531	8.963
90556673298838.297	8.926
95330429719062.562	8.933
98330562940722.266	8.941
99147832745943.141	8.939
102616369710655.969	8.935
111309158907945.375	8.929
137219565055508.922	8.926
138139268455778.969	8.927
145105466757789.687	8.923
99294328969107.906	8.920
114322778990997.562	8.916
114286228172391.047	8.878
105031424133640.750	8.867
97076961212447.656	8.865
93403453603329.500	8.860
92514291165565.484	8.860
92533393433369.406	8.860
93334646656162.281	8.859
94180985789648.672	8.858
94132411681991.953	8.857
94142094243201.156	8.857
94147896457727.234	8.857
94135024358639.437	8.857
94165458464148.484	8.857
94085469636685.187	8.855
93226941538994.078	8.856
93263594100621.766	8.857
93090133328454.969	8.852
92846257605412.953	8.846
92863444402228.016	8.846
92802978791108.594	8.845
92830135310087.875	8.845
92499282383108.250	8.837
92332038142326.000	8.832
92096871215814.391	8.826
91921594292858.250	8.821
91708378607730.969	8.816
91502704213252.750	8.810
91500828214913.328	8.810
91211410051121.141	8.803
91073896577701.234	8.799
91058830519403.500	8.799
91012634798050.734	8.797
91071167347604.500	8.799
91023434638214.734	8.798
91870462097313.172	8.798
91829128586147.250	8.796
91894793606144.203	8.798
91843495668740.703	8.797
91856808414355.437	8.797
91839611474679.187	8.797
91819815418031.672	8.796
91821549805278.469	8.796
91840403399380.000	8.797
91728682117054.969	8.794
91780346056480.531	8.795
91803867795036.984	8.796
91870009461960.672	8.798
91763838340837.687	8.795
91710109619337.141	8.793
91792784860948.328	8.796
91720732874966.125	8.794
91010355378842.328	8.797
90945652679306.812	8.796
91016820094993.797	8.797
90854522903378.016	8.793
90900321815504.297	8.794
90892519452637.891	8.794
91025676939430.047	8.798
91021752949172.859	8.798
90883411143441.719	8.794
90951815104969.766	8.796
90947744140991.406	8.796
91068924178009.047	8.799
91180571801619.469	8.802
-0.000	8.789
90566544684146.375	8.785
91131612587769.687	8.778
90798869276030.156	8.769
90579244319969.906	8.763
91308618919845.953	8.760
91346177786133.266	8.761
90123298260446.609	8.729
89886019836886.656	8.723
90758590071955.297	8.724
93193108660130.875	8.723
94825283121333.469	8.722
94841367242865.922	8.723
94915616352926.625	8.725
93153023054063.156	8.722
92328316253564.875	8.722
92294211632871.875	8.721
92402669155878.953	8.724
91553216152727.406	8.723
91998752911224.672	8.735
91099177937657.750	8.733
91176753444669.125	8.735
90812207923844.672	8.725
90880504055496.953	8.727
90542634911976.094	8.718
89853510286561.297	8.700
89474750206839.328	8.690
90463286385767.797	8.694
90284222383682.000	8.690
90182304318544.125	8.687
90246606293670.531	8.689
90170024624621.187	8.687
90192937781120.812	8.687
90341568565651.297	8.691
90331746527736.047	8.691
90295989220165.281	8.690
90371414506835.359	8.692
90239077007634.281	8.688
90237691073270.891	8.688
90270133682687.359	8.689
90272306834659.969	8.689
90363314864780.953	8.692
90357090512312.000	8.692
90477172720092.797	8.695
91458916329634.281	8.699
92903075431887.844	8.694
92542630442215.453	8.685
93298134280613.375	8.684
92802359978377.172	8.671
92302436523277.234	8.658
91571148857360.281	8.660
90032368306709.937	8.619
90128262399141.578	8.622
90210551290108.047	8.624
90134213639337.469	8.622
90918367266426.266	8.622
90805384633959.687	8.619
90863818488730.312	8.620
90866059191806.891	8.620
90895496302735.000	8.621
90889304414145.750	8.621
90886569457030.312	8.621
90932046338186.469	8.622
90907539111081.750	8.622
90836515450462.766	8.620
90858653602789.984	8.620
90941622618679.437	8.622
90902752232129.453	8.621
90985409650113.578	8.624
90889494359295.703	8.621
90557273449388.250	8.612
90450119005950.859	8.610
89805558911783.266	8.593
89514980808618.172	8.585
89679600373942.297	8.589
90357627218919.078	8.587
90041572922171.953	8.578
89776088766562.078	8.571
90597423517152.359	8.573
90651887845493.672	8.574
90589052431216.812	8.572
91382314550976.078	8.573
92176869472218.953	8.573
92924298120159.406	8.573
92234408994026.609	8.575
90590954896142.422	8.572
90630685265438.687	8.573
90640086995541.094	8.574
90584867103279.469	8.572
90596243900854.609	8.573
90543440383578.531	8.571
89981780560968.906	8.556
89629870255342.953	8.547
89244765768225.125	8.537
88267609109644.031	8.511
86578655484979.062	8.466
87367449607411.312	8.467
89584586029363.984	8.467
89543894586749.266	8.466
89693266706455.437	8.470
91163416560075.062	8.470
91395043025352.234	8.475
91278554314431.172	8.472
90910146155635.078	8.463
90630555318722.406	8.456
90317300268056.484	8.448
89754120096755.891	8.433
89310473185774.016	8.422
88565057372035.266	8.402
87728528584265.000	8.380
87260345558044.359	8.368
87018998470612.125	8.342
87278329087270.562	8.294
88391762331107.516	8.287
89108879573935.781	8.288
88978597296480.562	8.285
89015525426981.703	8.286
88903005933314.375	8.283
89628678848384.219	8.284
89611381684283.187	8.284
90267026514531.812	8.300
90311411382509.812	8.301
90283834597624.391	8.301
89984452268671.797	8.293
89001006938620.812	8.285
88111671265672.266	8.280
87961897143686.141	8.276
88412811320573.219	8.270
88638968791546.031	8.259
88322754892408.109	8.250
88095334525083.125	8.244
88987110438467.359	8.233
89103470638018.156	8.236
88578520244695.453	8.222
88613248149256.766	8.223
88839425027844.609	8.229
88943563161937.500	8.232
88134760967925.375	8.211
88864980746615.719	8.213
88682593612201.562	8.208
89172694534207.578	8.204
91003115852812.219	8.200
89909208397007.891	8.189
87703161369622.328	8.183
87691653911088.609	8.182
87714478179705.937	8.183
87534729798696.859	8.178
86722223542576.141	8.174
86738208124987.000	8.175
86770070013359.531	8.175
86665061888624.703	8.173
87041434567803.734	8.165
85841808143241.734	8.134
86456604644593.703	8.133
87171646830742.562	8.135
82757153751504.672	8.137
82821186716113.203	8.139
88114430958093.469	8.127
90436714506084.812	8.121
93180528063384.625	8.110
97707628924534.828	8.098
220497621506810.656	8.103
104600343656225.906	8.097
90968243410092.547	8.087
89114959818426.406	8.088
90191380519824.969	8.068
90249499797788.766	8.069
90865996507036.250	8.069
90297494581990.922	8.070
89494795458642.719	8.066
90177044863220.250	8.067
89575201113121.891	8.068
94573079592408.594	8.068
97591818542234.156	8.066
96509185418910.109	8.070
92628793182047.359	8.082
91010179421149.094	8.073
90972772023540.984	8.056
90673334743498.141	8.049
90240773742905.656	8.038
90139366568532.922	8.036
89775560368269.078	8.027
89245138859127.062	8.013
90913662305281.672	8.010
92180044238457.328	7.996
90285768437113.406	7.994
89614880551680.422	7.992
89543979177472.172	7.991
89616200598923.453	7.993
89526430370355.469	7.990
89126215257662.875	7.995
88645137059453.656	7.983
87912660187829.391	7.980
88596746018680.797	7.982
88514147492931.250	7.980
88481749393183.047	7.979
87870374225460.609	7.964
87685797824360.109	7.959
87710508852890.172	7.960
87641221367810.234	7.958
87715498838287.203	7.960
87696836595410.484	7.959
87664666041818.312	7.959
88248177746949.016	7.958
88877965607180.125	7.974
88843108850127.234	7.973
88817042634971.016	7.973
88530737159083.406	7.965
88327832883663.516	7.960
88061396291440.781	7.954
88211453481074.000	7.957
88084095831231.656	7.954
88187108846456.875	7.957
88114460941252.578	7.955
88027493475593.594	7.953
87894582700388.141	7.949
87924858737198.094	7.950
86811042958858.000	7.922
87911270407383.234	7.935
88440478509155.531	7.934
88884328659642.844	7.930
88687608642858.328	7.925
89102508118428.922	7.935
88931112859057.531	7.931
88916648083903.687	7.931
88891838460536.875	7.930
88353900088167.734	7.931
88320874295757.922	7.931
88371085665114.484	7.947
88214919289611.437	7.943
87746061333058.031	7.931
87948077070998.328	7.936
88075529536932.250	7.939
87943890359585.594	7.936
88468252910616.516	7.934
88162782301396.469	7.927
88388047228184.703	7.932
88362038948302.578	7.932
89068577072590.437	7.935
88682823471903.922	7.925
88455197115390.078	7.919
88387321999591.453	7.918
88358210699744.797	7.917
88356421284162.906	7.917
88195965327451.937	7.913
88118598149036.422	7.911
88152888997728.812	7.912
88099274343527.359	7.910
88168688375758.453	7.912
88141576636837.922	7.912
88127209569035.422	7.911
88197752187457.312	7.913
88081778506123.406	7.910
88185522256198.016	7.913
88162693884116.250	7.912
88236356424262.312	7.914
88236515255697.969	7.914
88359085400487.609	7.917
88270761459863.016	7.915
91764096758315.297	7.915
150009444263631.250	7.917
130755559712036.359	7.916
103368683813699.062	7.915
119368505495094.859	7.910
96716627458642.203	7.909
88661343758505.937	7.910
88581389382838.156	7.908
88299710411414.562	7.887
88748713292789.047	7.884
88710758295510.219	7.883
87655850347761.234	7.885
87703126183903.469	7.886
88719494421391.187	7.883
88764227456025.484	7.884
89329798557404.500	7.884
91101151278052.891	7.885
91281033303425.875	7.889
89262881523352.875	7.882
90405276288267.750	7.882
90776072439867.656	7.891
88607576775670.641	7.880
87456715436391.234	7.866
87334079929493.172	7.848
87103409134125.266	7.843
87561720839388.469	7.840
87695712069624.031	7.829
87913037928497.547	7.835
87408023882617.328	7.822
87254624483713.125	7.818
87046709567564.578	7.799
87686778220346.109	7.815
87743175969940.437	7.817
87742936442301.266	7.817
87493686113247.750	7.810
87344195480424.781	7.807
87361344238245.625	7.807
87380405779998.125	7.808
87366278443571.203	7.807
87434384139819.312	7.809
87038813056628.984	7.799
87023061428827.234	7.799
86764362600398.172	7.792
86052847017316.375	7.774
86325112322611.203	7.781
86690233971649.266	7.777
87366256007695.594	7.780
87174235241241.734	7.775
87262688414687.031	7.777
87336045824706.750	7.779
87270305168121.625	7.777
87170848329885.484	7.775
86934730169065.219	7.769
86929600881279.187	7.769
86439724707970.875	7.770
86420079299133.891	7.770
86270695647585.328	7.766
86695884441839.187	7.763
86610921452454.344	7.761
86775152975718.516	7.765
87291329606154.859	7.764
87438307552660.562	7.768
87492997518024.875	7.769
87446267356690.859	7.768
87263729739563.562	7.764
87114821203712.297	7.760
86407575317520.859	7.742
86243193171707.016	7.738
87048774941625.047	7.745
87038395843275.812	7.745
87131681848034.297	7.747
87019795610079.187	7.744
87131482148570.078	7.747
87412718323744.969	7.741
87390380715682.000	7.740
86971672649115.266	7.743
87487743746007.516	7.742
90651074952204.484	7.741
87998476674698.562	7.742
88023566342353.125	7.756
87393735937183.062	7.753
87143308106115.000	7.747
86791491163670.078	7.738
86861417271291.531	7.740
86885094242503.375	7.741
86904828808735.984	7.741
86789101245370.062	7.738
86610678964655.859	7.734
86226130806218.141	7.724
85991896566466.406	7.718
86283665499110.125	7.712
86026260712709.922	7.706
85872945143865.891	7.702
86110550348635.969	7.695
86638131730221.891	7.695
85157071008868.641	7.658
85117053670950.875	7.657
86764899197515.094	7.659
86863159509134.687	7.662
86772531957639.312	7.660
86797120888484.266	7.660
86853430152808.047	7.662
86714094316307.516	7.658
86724173148772.297	7.658
86932776509363.750	7.664
87773521101460.734	7.684
88050399205070.609	7.691
87740011268858.281	7.683
86552049566350.062	7.667
85854401511529.328	7.650
85422243256165.109	7.639
84964734613628.625	7.627
85221912422721.344	7.621
85387012580096.906	7.587
85608534983813.234	7.580
86795890225922.812	7.585
87175859387253.766	7.582
86831837844306.516	7.586
86672206629090.406	7.582
86695159353749.219	7.583
86547565540986.031	7.579
86631413249501.187	7.581
86560464281378.891	7.579
86899305664292.578	7.588
86714836860280.781	7.583
86675890141219.266	7.582
86687305587732.281	7.582
86717225868356.172	7.583
86792040823175.672	7.585
87248389546671.828	7.584
87173172491746.797	7.582
87239712882004.812	7.584
87274749633357.094	7.585
86807479772625.984	7.585
86720627379518.844	7.583
86282999600942.984	7.573
86297925864722.797	7.573
86104762628724.266	7.568
86359949564947.422	7.562
86578793848636.250	7.556
86953440855896.500	7.553
86850814412681.750	7.550
86376473415218.109	7.539
86502492432595.016	7.542
86322774285796.656	7.537
86443338942051.828	7.540
86985738503429.812	7.542
87007859422944.781	7.542
87051705727567.625	7.543
86626945004862.609	7.545
86736039160739.609	7.547
86870395941788.422	7.551
86839254330668.328	7.550
86569716510643.672	7.543
86052684740370.406	7.543
85924552303616.734	7.539
85263856877861.422	7.523
85121685562484.969	7.520
85891592454450.469	7.527
85431093636699.625	7.515
84633455687172.859	7.495
85007258493827.891	7.493
86407348024646.031	7.492
86550525103088.359	7.496
86514734318903.578	7.495
85587222973104.844	7.495
84623198382921.281	7.495
87167799852234.609	7.499
86886089376791.000	7.492
86531465242529.078	7.495
86327190625044.875	7.490
86451587224450.187	7.493
86396056573745.516	7.492
86918436051538.531	7.493
87292697497293.859	7.490
86898387410851.937	7.492
86939308332922.937	7.493
87007077466454.266	7.495
87128275860594.234	7.498
87048899415192.750	7.496
86603599401829.719	7.497
86584408121488.812	7.496
86860420089687.250	7.503
87689210989426.812	7.512
87642698716931.156	7.510
87151830675905.422	7.510
87097803595196.953	7.509
87170337742831.859	7.511
87077843089104.734	7.497
86373133844463.844	7.480
86195884715798.016	7.475
86339758675602.484	7.479
86337351795447.062	7.479
86255793022333.906	7.477
86290326000034.641	7.478
86246539792532.250	7.477
86897287832429.000	7.481
85921487689632.625	7.480
85752188138268.141	7.476
86570894434504.203	7.496
86658659492814.641	7.498
86930737407510.672	7.493
87420006990325.281	7.494
87234673909802.141	7.489
86874713123492.516	7.480
86721815340587.484	7.477
85842027597914.031	7.455
86421160593061.422	7.458
86219223388527.391	7.453
85973912949761.844	7.458
85985273463072.703	7.459
86415839674355.219	7.458
86375695363999.984	7.457
86855159724845.141	7.468
87021643479511.734	7.472
86887664410018.156	7.469
86763571847951.297	7.466
86521239894397.578	7.460
86520543455020.641	7.460
86267282694428.078	7.454
86020337300462.687	7.448
86073208826574.641	7.449
86034776589755.562	7.448
86123778097624.594	7.451
85457951599755.047	7.434
85897917339059.281	7.434
86749458181697.828	7.432
86844936187207.594	7.434
86922911467578.078	7.436
86734212155614.125	7.432
86469340344697.922	7.425
86472003201900.687	7.414
85956738977109.453	7.402
86082720309542.906	7.405
85025631276879.828	7.379
85429292892206.984	7.378
86436269724231.156	7.380
86708349481517.656	7.376
86699147157713.922	7.376
86690111337685.281	7.375
86695541052186.516	7.376
87292305933589.125	7.390
87326768897921.328	7.391
87228574643759.687	7.388
87134583639282.797	7.386
87005295267880.781	7.383
87044380830387.984	7.373
88639973000747.703	7.379
88037783122648.047	7.375
87802256223911.875	7.380
87515265184965.656	7.374
86441617938489.094	7.370
86096980501367.797	7.361
85917850379454.406	7.357
85919661698538.672	7.357
85898380697607.719	7.356
85709333551468.437	7.352
85660611929139.406	7.351
85514040275060.672	7.347
85319659226498.594	7.342
85660520248959.562	7.340
85646004874176.312	7.340
85651720326438.547	7.340
85464412912643.016	7.335
85627174688841.844	7.339
85786602048786.828	7.332
85896423154143.672	7.335
85927207096851.625	7.336
86411082631929.656	7.337
85642858542715.219	7.318
85797216201372.406	7.311
84874443367144.984	7.289
85772560155586.812	7.290
89253372590534.437	7.290
88767109655947.594	7.289
88730636561848.844	7.288
87968133256224.312	7.291
88302025942031.469	7.288
87954797758299.344	7.290
87670277958032.594	7.284
85589148394122.609	7.275
85713783260988.609	7.278
86164625449219.812	7.279
86473469957558.516	7.276
86455905789907.797	7.275
86761206909203.359	7.272
86659748671740.234	7.270
86636473862574.281	7.269
86667004663242.500	7.270
86616725434292.766	7.269
86292437594786.891	7.261
86312296931045.625	7.262
85937731772767.719	7.253
86412428570395.328	7.254
86170636280888.078	7.248
85757977203200.516	7.238
86160142547443.031	7.248
85817187444425.953	7.240
85736359268204.187	7.238
86226446284413.453	7.239
86176118581979.844	7.238
86024349951109.391	7.235
86090880490874.453	7.236
85509284870307.672	7.222
85634695333500.687	7.225
85433490294624.156	7.220
85003738804813.312	7.210
85036345930878.031	7.211
85546672956445.484	7.213
86412335919637.437	7.214
86551217750031.344	7.207
86399799596376.797	7.204
86343938512150.969	7.202
86373845610886.562	7.203
86336147091467.406	7.202
86341369371861.531	7.202
86277202476450.234	7.201
86351351365487.703	7.203
86120180725313.609	7.197
85956576929074.516	7.193
85752227242257.484	7.188
85632297929978.156	7.186
85538880320958.547	7.183
85365888725542.844	7.179
85539674836605.656	7.183
85451891518736.937	7.181
85215219329816.422	7.176
85458990728260.609	7.172
85228170457266.719	7.166
83965217963081.187	7.136
84376810727989.625	7.127
86129039116481.469	7.149
85873602606906.203	7.143
85667193701355.594	7.138
85646565191338.625	7.138
85013059028582.062	7.123
84634765047638.703	7.114
84166746843893.000	7.093
84145498440744.047	7.093
84551484760175.078	7.093
86226712198252.219	7.095
86947052947035.500	7.094
85752243060332.859	7.094
85397268657666.656	7.094
86148060631152.594	7.103
85856114059282.625	7.105
85882846820036.859	7.106
85834808647488.562	7.105
85357576713106.141	7.093
85441311685735.781	7.086
85179536265023.703	7.080
85516459953792.328	7.079
85600974589011.625	7.072
85153035656162.687	7.061
84849366658994.328	7.054
85033745486366.109	7.049
85228143955097.672	7.045
84821786562973.766	7.035
85393440994598.750	7.031
85682476204072.984	7.029
85709782553376.203	7.029
-0.000	7.025
85558486556895.844	7.026
84994211087723.047	7.012
84937579759792.391	7.011
84535420772686.266	7.002
84023322347383.484	6.990
83996258564939.406	6.989
84311936777149.562	6.988
84418932659746.094	6.981
85144889029858.969	6.981
84935450231510.187	6.976
83354604054835.812	6.939
83504898778395.359	6.934
85571633196802.250	6.957
85633016884392.547	6.958
85296536914637.016	6.959
84974871875342.672	6.951
84915105619827.312	6.950
84828757300328.844	6.948
84571135387552.812	6.942
84459081174923.453	6.939
84452365750444.875	6.939
84888459287794.000	6.941
84116990441709.266	6.923
84125813279243.203	6.923
84630825876997.734	6.926
84878463733018.187	6.915
84475393303713.734	6.914
84461024594403.656	6.914
84534834197453.984	6.907
84236637529963.031	6.900
84660746117218.406	6.894
84752762754712.953	6.887
85033058116804.609	6.886
84808507727718.547	6.881
84833170623789.047	6.873
83635063400641.156	6.853
83370265599197.250	6.839
84392643207461.047	6.831
84987205224464.203	6.836
85376170119537.859	6.837
85425811107543.469	6.839
85769200648605.234	6.846
85428161012035.969	6.839
85490843207457.953	6.840
85658873621788.812	6.852
85738407669666.250	6.854
84675377737123.953	6.853
84106949310365.172	6.848
84924792853139.219	6.843
84823333805620.828	6.833
84503781482316.016	6.817
84594233077512.547	6.819
84199122258681.734	6.810
83742312987432.578	6.800
84197145918492.359	6.795
83941482055302.219	6.789
83850317280859.547	6.787
83620634095815.312	6.781
83554682166600.141	6.780
83824539417172.219	6.778
83791078723227.656	6.777
83821769445762.906	6.770
82828183387604.719	6.740
82690718539244.750	6.737
84432053953718.672	6.754
84870009139565.109	6.756
84249777948377.562	6.757
84204449230739.859	6.756
84370841263739.250	6.753
85226728361465.625	6.749
85482188606460.594	6.748
85147711747923.281	6.748
84368867454687.375	6.745
84017048694558.859	6.737
84045175420430.719	6.738
83961986089545.437	6.736
83646871772845.875	6.728
83347949681138.344	6.721
83381247382816.734	6.722
83152331921921.109	6.717
83557193810540.625	6.719
84738711879601.828	6.716
84564851040721.016	6.712
84253277249967.422	6.705
83374565456858.500	6.685
83079855769683.016	6.678
83934272166684.766	6.698
84257407933897.250	6.691
84588439628321.922	6.691
84653439093173.406	6.692
84809694254974.719	6.703
84816590538864.812	6.703
84729202860957.984	6.709
84126248543995.219	6.695
84464679588723.781	6.695
84859673188057.469	6.682
85488195531372.094	6.675
85931110337665.359	6.664
85871467912063.359	6.662
85861098563551.359	6.662
85708395287279.109	6.659
85512093697472.250	6.654
85494228724962.062	6.654
85509643291556.375	6.654
85130111339031.641	6.646
84735983401286.437	6.644
84708578439465.797	6.643
84518609687727.312	6.639
84459239614580.531	6.638
84342401004358.062	6.635
83705212741049.312	6.621
83713534248856.719	6.621
83967854700168.656	6.620
83806442747983.969	6.602
83993535738961.453	6.600
84102381260513.969	6.602
84330237102432.547	6.600
84598317490303.734	6.599
84591127950313.906	6.599
84703283999152.844	6.602
84624993688114.859	6.600
84972162995933.203	6.601
84962670267061.781	6.601
84921811789766.625	6.600
85020798081055.875	6.602
83994417015208.844	6.600
84027910292715.656	6.600
84598938790291.484	6.599
84773519639561.797	6.596
84789358919537.328	6.597
84827809606606.906	6.598
84834976077771.641	6.598
84828165657733.469	6.598
84437514030924.437	6.589
84290563894286.266	6.592
84088314959221.906	6.588
83935482092753.281	6.584
83755507507122.984	6.580
83779425389793.781	6.581
84057962362194.234	6.580
83769966845361.797	6.574
83822971189203.187	6.575
83730516817063.500	6.573
83652055710119.484	6.571
83877764608398.719	6.570
83640315634183.641	6.564
83507609247386.844	6.561
83639533472239.922	6.557
84517483832112.984	6.557
84095733699542.391	6.548
83916933365129.453	6.544
83078758509096.250	6.531
83138238116222.422	6.526
83167213783022.109	6.520
82938493387070.125	6.515
82987495451869.797	6.503
83753360321735.937	6.501
84098932089743.328	6.502
84590406246225.609	6.513
84336006219938.234	6.514
84236770276696.219	6.511
83979263541397.500	6.506
83524059788748.187	6.496
83403425845586.734	6.493
83139862442554.812	6.487
82830125985036.141	6.480
83376432927843.687	6.479
83375894869652.422	6.473
83243279784555.828	6.470
83176012478711.391	6.468
83163275465960.562	6.462
83615074793908.250	6.459
83610521234626.609	6.459
83498794102313.578	6.457
83488269844832.375	6.456
83384018224440.203	6.454
83687508423175.937	6.455
83527298568436.437	6.451
83213012839072.531	6.444
83370933932256.484	6.447
83321105057102.125	6.446
83208027133972.047	6.444
82816216383483.891	6.435
82877356671267.531	6.430
83088859091120.750	6.422
83134589977597.906	6.417
83182482059768.031	6.418
83260993864457.500	6.420
83170428944858.312	6.418
83198956789867.016	6.419
83158868139757.641	6.418
83096621579318.562	6.416
82895178643596.344	6.412
82014057327568.594	6.392
82406876196586.703	6.395
82747431591684.656	6.390
83337235170825.391	6.391
83380913384236.219	6.392
83351598106609.422	6.392
83387468919276.187	6.392
83354964712326.172	6.392
83199446981226.078	6.388
83284153540844.937	6.390
83185417832883.875	6.388
83088652387434.297	6.386
83901276451127.437	6.404
83970321744293.422	6.405
83045927276314.828	6.391
82807929321656.312	6.386
82083853453007.422	6.369
82730569192771.187	6.366
82532336784328.062	6.355
82495862267835.516	6.355
82540028468791.578	6.350
83045332393234.375	6.343
83472247378259.281	6.341
83865629093947.062	6.338
83676930083812.687	6.334
83377172231486.219	6.327
83591622074258.766	6.326
84088627801884.672	6.320
84243306727223.719	6.317
84259429926794.453	6.318
84455449869218.875	6.316
86119977337109.312	6.312
85939796424765.641	6.309
84810918436793.359	6.307
83619537760924.547	6.292
82505028889010.125	6.279
82466991305245.609	6.278
83061249812440.578	6.274
83607133044866.937	6.281
83963839643289.562	6.289
84308701785393.750	6.296
83871080659107.578	6.298
83553238786681.734	6.296
82362516280451.797	6.282
81871307748734.500	6.277
82350213235917.500	6.276
82154232007785.141	6.271
82495385182330.203	6.268
82557174034809.344	6.263
82509185813983.609	6.262
82628796239367.906	6.259
82846635166746.906	6.259
81788033524329.312	6.230
82199213619018.031	6.228
82761690216371.266	6.229
83000086101175.078	6.229
82989817032761.047	6.229
82844868568682.562	6.231
82860446002652.625	6.231
82690308870507.734	6.228
82792732321292.641	6.230
82592130013256.234	6.231
82592947320389.484	6.231
82499178201045.344	6.229
82726888826943.859	6.234
82613790919417.984	6.231
82899581731726.859	6.232
83161263882380.750	6.227
83792511550033.656	6.230
83979552212278.734	6.256
83534674699250.734	6.251
83480006623718.297	6.234
84222617233065.969	6.228
84387972661660.047	6.227
83435111794399.031	6.222
82642051529989.656	6.216
82448749293793.156	6.211
82446068225349.156	6.211
82490114916955.453	6.207
82699950750587.937	6.195
83067684032956.609	6.193
83511510869136.859	6.192
83233421689888.687	6.186
84038204141300.922	6.182
84440069040906.234	6.180
83656074215481.797	6.174
83121925306995.344	6.173
83013039853896.094	6.171
82885471087708.984	6.168
82937997947968.594	6.164
82913530072804.875	6.163
82453904187516.984	6.153
82556414301989.609	6.150
82553609928370.406	6.145
82435243347220.531	6.137
82891135307343.000	6.137
82835351953296.984	6.131
82587855998198.703	6.120
79838240472193.562	6.050
80940198957791.859	6.049
80972865491885.594	6.016
81306426438455.250	6.009
82018336785022.203	6.005
82220959168271.719	5.995
82313732363378.000	5.997
81542143122028.828	5.981
81157257421454.422	5.973
81189723224539.922	5.969
82153891670881.172	5.966
82204614477920.656	5.954
82102071635065.891	5.947
82097995076359.016	5.947
81969642237044.328	5.940
82598217741530.906	5.939
82419663423183.375	5.936
82317247640649.031	5.933
82177178856212.141	5.930
82325396899452.969	5.929
82356673855022.656	5.930
82060051506445.828	5.924
82114233663470.656	5.925
82184198953780.328	5.926
81815000525632.187	5.918
81645311367992.297	5.901
82650636229454.094	5.901
83052109996210.625	5.896
83301715157209.219	5.897
83205173791362.922	5.895
83248410635312.969	5.896
83249128223207.484	5.896
83230520850295.469	5.896
83055307676659.219	5.896
83369776415808.891	5.907
82895683913490.672	5.906
82854114494526.750	5.905
82247241880064.969	5.892
81418426484403.484	5.875
81496597198839.484	5.863
81852318544531.156	5.854
81802033221152.766	5.840
82134890893418.016	5.839
81824884370472.500	5.828
81427453018698.531	5.820
81303594062860.047	5.809
81475378721815.703	5.804
81604631232426.562	5.803
81931467276681.328	5.801
81624473856294.109	5.795
81611398566514.828	5.795
81841282247986.531	5.800
81451629577827.469	5.791
80968612767755.297	5.781
81852479390895.656	5.780
81897848595594.062	5.776
82329203673904.266	5.773
82923033843532.562	5.774
83089434583552.203	5.769
82792134139679.422	5.767
82119504204331.953	5.757
82266073112870.500	5.760
82403107053347.547	5.759
81448579490996.078	5.731
82305420233738.203	5.726
83514351011737.141	5.728
83442344471000.922	5.726
82864708539939.469	5.718
82802886799800.984	5.709
83623489627010.812	5.707
82384235149131.734	5.705
81598347032229.891	5.700
81413735377486.109	5.700
81436277641598.578	5.696
81404455106080.078	5.692
81464477567117.687	5.686
81384494427928.656	5.684
81215048935647.625	5.681
81543846332577.875	5.687
81189388991332.219	5.680
80706760847214.203	5.670
81559241905734.453	5.665
81786784335060.328	5.662
81998210506106.672	5.663
79964811296094.469	5.614
77937815593338.016	5.550
81576769458928.109	5.535
81692843831808.344	5.537
81522547175051.656	5.540
81496850760454.281	5.536
81643194798612.625	5.536
81762796109535.531	5.538
81676965463682.937	5.537
81701819603541.531	5.537
81679874700385.047	5.537
81488382001348.656	5.533
81551649173469.562	5.534
80574781937025.594	5.514
80919011194108.344	5.521
80051691400542.812	5.504
79246719337326.562	5.484
79887904920919.016	5.470
80453208531826.469	5.462
80473316496690.406	5.453
80859805764774.125	5.445
81126402801470.328	5.434
81219708210512.406	5.421
81295283620941.156	5.419
81389197620808.344	5.418
81617161750425.609	5.416
81404108712435.609	5.409
81315029994350.672	5.407
80959237562201.375	5.397
80829913257627.406	5.388
81015005654812.297	5.380
80636351063000.859	5.366
80564142073900.156	5.356
80056572151305.078	5.337
80030272091815.203	5.321
79046220367474.312	5.284
80121602831799.078	5.280
80320890040285.875	5.270
80803408004353.203	5.268
80650900930025.703	5.257
81061036576347.516	5.257
81325943448081.359	5.256
81001403712644.187	5.245
80998236128101.969	5.239
80528112991109.609	5.225
80245056172734.406	5.211
80387437529080.297	5.200
80904098972720.156	5.200
80668132270094.562	5.187
80762897501043.656	5.184
80526254368830.781	5.177
80476407179285.828	5.173
80462284754352.875	5.173
80446845321725.547	5.170
80106537784375.375	5.161
80382923991904.984	5.161
80052183018306.203	5.152
79756967088665.859	5.144
80010719029028.328	5.144
79721572047192.547	5.133
79885543532827.391	5.131
80150051466876.031	5.131
80147436281837.937	5.131
80241850879214.984	5.131
80773681308026.656	5.141
80582949290470.953	5.132
80185747465626.219	5.122
80455181922641.078	5.120
80056796002828.141	5.107
79884099173017.625	5.096
80086065417913.094	5.095
79942066893017.609	5.088
80488362134951.453	5.093
79930734049173.281	5.080
79764857650107.562	5.070
79672331234778.406	5.063
79614649113302.266	5.055
79759793472686.672	5.053
79631116795839.687	5.046
79877564611385.531	5.046
79941694974821.859	5.040
79886860870216.859	5.027
80475151824608.562	5.029
80758121817685.906	5.018
81831409011833.891	5.009
83093671572569.156	5.028
79590101539120.609	5.021
79284597890531.672	5.015
88124011081632.891	5.016
87222968241668.672	5.024
80265505861218.656	5.025
80466318570859.016	5.029
81277135717583.812	5.019
81972991519888.500	5.023
81574884882967.672	5.024
81178225444149.422	5.022
81061480805187.312	5.024
80800550513239.703	5.024
80700913882537.000	5.024
80617336928416.109	5.022
80804040348235.125	5.028
80747422017739.125	5.027
80720828822650.766	5.027
80873083724545.297	5.030
80873608986026.766	5.030
80740917392164.000	5.027
80806087400389.000	5.028
80851499556276.797	5.029
76754820609245.922	4.950
79808747055828.781	4.906
79368894492376.906	4.889
79118787152270.578	4.864
79303576405381.937	4.847
79873794274098.422	4.845
80221096578807.250	4.846
80583648027924.391	4.855
79984016394100.828	4.847
79163637054748.844	4.834
79389990035161.609	4.822
79082183903387.453	4.801
78911959268274.891	4.784
79640361949837.172	4.777
78864661937480.437	4.753
79550164991663.656	4.756
79636263228728.641	4.752
79802349823262.750	4.753
79701426959368.766	4.751
79630856070199.031	4.750
79670937468303.312	4.751
79609014896874.562	4.750
79577905902159.516	4.749
79520995990998.844	4.748
79500578687216.281	4.748
79594025372922.734	4.749
79507689286829.094	4.748
79525036881223.562	4.748
79488674906193.359	4.748
79809265396031.375	4.753
80034648537822.937	4.758
78496496157098.016	4.733
76365076355793.078	4.693
77963270458636.609	4.656
78538269272302.609	4.637
78782005440374.953	4.628
78907711418285.391	4.624
78580926668609.562	4.616
78226630198571.125	4.606
78202492164928.828	4.597
78662029709357.344	4.597
79188774588603.297	4.595
79406479433086.719	4.596
79432422545682.891	4.596
79472479215436.750	4.597
79190707999536.016	4.592
79231494604495.797	4.593
79285338262952.453	4.592
79310651833104.062	4.593
79510683963158.547	4.596
79386629982607.406	4.594
79592440179639.078	4.598
79185026623557.984	4.590
79345220409989.484	4.593
81811823674277.906	4.637
79016303810180.422	4.587
79024865079943.156	4.587
79177276436196.250	4.590
79713539347750.906	4.600
78232188695452.984	4.573
79688762438471.625	4.556
79678202432810.484	4.548
79880479386381.984	4.544
79801810988858.859	4.542
79429209831359.766	4.533
79683035641031.891	4.534
79448515183288.016	4.525
79249375407628.406	4.520
78428794762290.266	4.498
78963660869202.656	4.498
79008804178192.406	4.496
78881981681987.250	4.494
78866806910184.719	4.494
79098064620910.875	4.498
79152728614798.312	4.499
79168532311352.437	4.497
80789538634600.531	4.525
80575733823670.187	4.525
78962430145504.000	4.506
78786629351794.984	4.503
78809187211731.109	4.494
78679139924428.797	4.483
78397139121805.484	4.467
78898421700253.359	4.463
78164290903191.203	4.435
78879288146910.547	4.433
79517689985188.766	4.435
79615312275493.797	4.435
79766959120553.344	4.438
79900062380685.031	4.439
79964207129373.625	4.440
79716385181166.812	4.437
80661665470727.016	4.453
79783133718558.828	4.442
78323082937151.094	4.421
79800977814108.656	4.419
79544555499307.672	4.408
79703544277920.328	4.404
79842281142187.797	4.398
78245600219672.281	4.366
78806664411341.641	4.363
79310439954269.437	4.362
79357336509551.328	4.360
79515238899837.422	4.360
79455566524786.234	4.359
79268902365002.891	4.359
79389233314299.281	4.362
80075353756958.531	4.375
80137468275727.969	4.382
79751584293350.312	4.382
79086999947685.422	4.370
79335162898426.281	4.365
79847569441865.828	4.363
79910068803855.609	4.362
80103461926676.328	4.364
79525011992718.453	4.351
79788994963299.344	4.352
79587383984557.125	4.346
79681657513015.109	4.343
79706905576878.328	4.341
79216759566384.516	4.330
79426337340076.828	4.330
79385962915418.766	4.323
79774421536301.078	4.327
79901686571839.375	4.328
79808313555690.672	4.326
77950569562715.453	4.293
79561146048676.594	4.295
79476068638290.734	4.294
79772440431044.141	4.299
79427157540723.250	4.294
79335397988705.344	4.292
80590717828747.891	4.314
79108014947440.172	4.311
78446206264300.453	4.292
79123319701238.500	4.293
79088866913340.297	4.286
79047751017202.000	4.276
79420560959438.203	4.273
79523818921039.078	4.271
79540440514038.406	4.269
79465472521053.922	4.267
79559389120793.703	4.268
79237701432524.141	4.261
79388540839186.391	4.259
79514213259224.187	4.257
79177167769884.766	4.247
79238394920574.719	4.243
79487985291758.547	4.243
79352886569540.969	4.238
79118438224988.672	4.231
79573845383268.812	4.235
79112020910226.000	4.226
79251471520726.125	4.226
78474426905729.078	4.208
78228776449263.875	4.193
79371942666644.578	4.196
79391769470216.750	4.196
79397342844986.891	4.196
79246911741313.453	4.193
79303777884627.687	4.198
78975460766884.687	4.193
78981449883940.266	4.192
79100236677555.094	4.194
79258987951550.922	4.196
79425746591722.250	4.199
78952431814775.250	4.192
78939297613888.766	4.192
79547013738410.734	4.200
79257699543614.297	4.196
78564445486085.469	4.180
78492335953961.656	4.169
78374065931191.719	4.157
78860550918553.422	4.156
79518883210617.203	4.162
79365542188082.859	4.157
79850821178740.844	4.163
79617617348100.641	4.157
79433844441182.922	4.150
79838536764413.422	4.152
80188062581290.375	4.155
79839722451121.844	4.147
78726040981281.141	4.126
78930424002342.250	4.123
79231742037139.656	4.124
79842269364954.609	4.132
79882674965312.750	4.126
79784507604627.797	4.116
79618277701015.594	4.107
79304504789981.391	4.096
78961621238472.187	4.086
79108019140309.469	4.086
79153860410742.047	4.085
79043233622028.578	4.085
79081302702541.078	4.085
79065055299799.766	4.084
78914765110745.312	4.081
79171141228271.953	4.085
79151545415192.453	4.084
79960439710692.641	4.098
79469416265769.328	4.091
79201814669564.266	4.089
78451696477379.672	4.074
79267413585494.469	4.078
79735785939030.984	4.080
79863778030473.062	4.080
79387435860619.203	4.069
79852437141626.594	4.038
79457243492543.500	4.026
79418506602422.312	4.020
79457840012760.219	4.016
77753353258231.219	3.985
79034951173073.516	3.981
78983128716664.031	3.980
79089014879301.734	3.981
79108748482520.828	3.981
79404042827220.578	3.987
79327944440683.187	3.986
79193486762428.984	3.984
79249115310546.125	3.984
79354335813589.969	3.986
79182522361463.078	3.983
79226205726829.844	3.984
79351301898147.156	3.986
79423835254247.359	3.987
79181492520476.937	3.983
79127293985756.734	3.982
78976478761637.891	3.980
78538147012659.094	3.973
79578954631350.156	3.957
79956592325783.859	3.952
80008248453332.125	3.947
80046955967379.562	3.942
80154881057242.141	3.937
79959833749065.547	3.931
79733910077242.094	3.927
79614639734401.812	3.928
79934921143781.656	3.936
79863764569308.922	3.937
79882050626139.125	3.937
79900278337682.516	3.938
79923991671192.969	3.938
79906295709865.000	3.939
79810829620324.937	3.937
79964136047432.156	3.940
79941156180224.828	3.939
80075350982620.141	3.941
79933456249977.469	3.939
79762054210930.984	3.936
79805907967482.937	3.937
79689703019492.219	3.935
79818458690342.047	3.937
79705926666838.359	3.935
79252684933895.484	3.927
79694645048298.500	3.923
79554024882704.703	3.920
79755973297635.125	3.922
79612982602467.234	3.919
79546799120952.469	3.917
79656128172750.016	3.918
79388762289911.719	3.913
79838713149646.984	3.917
79475356039754.562	3.914
79479240860485.703	3.915
79181382656015.812	3.911
79354652141826.594	3.914
79270378265872.687	3.911
79496890996584.797	3.915
79846533144699.344	3.921
80574247814721.375	3.932
80054033561374.344	3.928
79479310897857.703	3.924
79503392044584.516	3.924
79543108200147.531	3.924
79736187418830.312	3.927
79742373289925.656	3.924
80098154527017.203	3.926
80356542732600.828	3.928
80462247779543.359	3.927
80284948665365.391	3.923
80092428813013.250	3.918
78931244220868.484	3.895
79283365087055.828	3.898
79156550941887.609	3.895
79236359484853.828	3.896
79157274941025.047	3.894
79451569261640.891	3.897
79265319308750.484	3.894
79438809021116.906	3.897
79426728345789.203	3.897
79524524646256.359	3.899
79731837778468.328	3.902
79272765112599.469	3.895
79287719940958.406	3.895
79810291562129.766	3.905
78743946570241.312	3.886
79872154257993.547	3.877
79907105384210.687	3.878
79137954846723.609	3.861
-0.000	3.864
79495150414026.000	3.862
79261504670216.125	3.857
79429690972451.594	3.859
79331806276184.750	3.858
79215757565870.016	3.856
79242311906862.016	3.856
78997647155300.875	3.852
79210558957500.031	3.856
79144547597075.844	3.855
79276861564648.391	3.857
79387195980004.094	3.858
79527050536384.344	3.860
79635269828812.937	3.862
79791217496208.625	3.864
79530962268054.969	3.860
79582263914262.281	3.861
79606184608422.937	3.861
79630359585450.516	3.862
79812385675218.859	3.865
79857351614683.969	3.865
79580959326535.281	3.861
79689030955820.125	3.862
79087534621119.328	3.848
79653024781019.141	3.845
79782393769586.234	3.844
79088297834264.187	3.829
79059657321980.125	3.823
78940355356954.344	3.818
79371089450132.969	3.823
79200255884176.203	3.819
79195462287701.484	3.819
79121034266119.422	3.818
79348349714159.812	3.822
78829332139044.594	3.813
78935127045488.312	3.814
79565564274728.750	3.824
79170973985359.078	3.820
79132107883486.406	3.818
78999443459968.094	3.810
78509908124935.437	3.794
79073275046141.984	3.792
79255740550197.000	3.787
78261814368481.656	3.764
78825218450340.828	3.768
78501350692753.547	3.761
77740796601008.844	3.748
77896527484932.875	3.750
77744880583509.594	3.747
77755025868807.000	3.747
77819633367687.453	3.748
77884469076343.047	3.749
77722862571436.531	3.747
77722243305621.234	3.746
77818432738066.953	3.747
77798932267749.844	3.747
77819695179933.859	3.748
78282030585183.203	3.755
77361554669512.234	3.741
78541912658781.062	3.760
79178752654795.734	3.770
78890519372765.359	3.776
77865559833332.297	3.750
78220850615467.406	3.746
78202996862327.687	3.737
78042190447485.641	3.731
77539319375757.250	3.716
77502496366940.234	3.710
78126893869297.859	3.713
78309861178038.219	3.713
78330915397772.516	3.712
78269313588590.187	3.711
78316247879685.812	3.712
78300203720357.500	3.712
78200925993235.672	3.710
78185526477394.937	3.710
78040967100408.812	3.708
78209973849306.219	3.711
78122869800410.469	3.710
78069031453033.422	3.709
77798284772060.375	3.705
77919114192446.672	3.706
77911974303432.000	3.708
77562640665066.281	3.706
77514371723176.906	3.705
77340250418641.172	3.703
77675458896149.609	3.704
78446037942419.828	3.710
77424406084859.281	3.693
77281663303442.094	3.689
76090928831101.672	3.665
76378789005853.656	3.663
77185091047489.516	3.669
76917606470951.719	3.663
76823055987533.500	3.661
76890729452131.812	3.662
76805370288113.016	3.660
76904321884980.406	3.662
77530323134508.375	3.672
77432038900898.984	3.674
76603017207446.703	3.663
76847778895265.391	3.662
76237362778344.344	3.647
76343992762462.781	3.629
76611788836106.875	3.627
76520724469607.328	3.624
76757026705714.141	3.628
76907809969273.500	3.630
77289720232189.109	3.637
76748169521337.156	3.629
76754211794820.500	3.629
76740944156170.734	3.629
76819268130339.531	3.630
76823756375469.906	3.630
76630264544557.266	3.627
77332897233577.016	3.638
77153524980136.594	3.635
77143079592749.734	3.635
76893278132866.516	3.629
77377784489448.656	3.636
77892344803115.437	3.644
77014669615747.531	3.631
76273962745184.531	3.616
77964405737433.937	3.612
82611654105075.031	3.617
82246448355434.219	3.604
79304189903619.359	3.600
82533344425587.328	3.596
80575937099577.859	3.594
80540320371620.937	3.595
79392433118153.453	3.595
79316120580641.750	3.595
79036883278069.828	3.594
77637962518631.937	3.589
77113466455740.906	3.587
76997151185317.422	3.587
77620554495869.687	3.602
77529843423383.578	3.605
77096878128904.609	3.605
77317010671500.187	3.612
77293646995639.359	3.614
76457217496611.312	3.603
76509524359165.062	3.604
76012382464877.000	3.593
76080913488647.656	3.591
74876815416766.766	3.567
77025826020278.844	3.575
78070314459668.797	3.589
77008109905222.656	3.586
76579915932316.156	3.581
76029686897563.562	3.570
76965592977193.984	3.569
76671834009609.922	3.564
76761817685910.250	3.567
76799159250402.531	3.567
76691423610334.687	3.561
76374290399947.469	3.550
76965075124211.531	3.547
76860914837600.812	3.546
76898585280604.484	3.549
76638328208282.125	3.546
76579005736948.000	3.546
76683613512114.281	3.548
76730693677022.266	3.549
76661469763791.828	3.548
77053614898335.766	3.554
76642295273390.250	3.547
77025112913031.687	3.553
77329613491762.922	3.557
77324785873134.609	3.557
76790967252966.359	3.549
76707235075356.219	3.547
76738461070925.484	3.547
76723522419957.094	3.547
76694110098876.250	3.547
76762480855513.344	3.549
76083888745071.797	3.537
76031745877765.203	3.529
76486271616006.312	3.531
76489636280483.516	3.530
76679262096688.187	3.533
76873634497734.578	3.536
76884409247863.797	3.536
76819715503956.922	3.535
77033667676537.750	3.539
76819595856557.453	3.535
76563617448205.281	3.526
77394887536087.672	3.519
76939776077163.516	3.518
76724155984834.422	3.513
76926501762791.578	3.512
76814230298263.922	3.510
77332098059656.828	3.521
76683350940137.719	3.511
76689041712158.906	3.512
76648882870033.547	3.512
76539868654222.953	3.510
76663160761507.953	3.512
76586274884819.141	3.511
76667349389641.672	3.512
76782983526080.953	3.513
78215960848791.641	3.535
74862532119905.953	3.499
76239824011360.734	3.480
76346457138732.172	3.474
76184271065569.328	3.464
76468478476579.062	3.465
77669959652724.406	3.466
77392258951178.484	3.465
76274930195845.437	3.453
76336990562105.281	3.453
76373438357159.891	3.450
76527950245851.156	3.452
76386788053743.203	3.449
76503740015757.141	3.452
76591175872221.297	3.454
76568445104968.703	3.453
76565142700351.578	3.453
76721643513081.000	3.454
76875632523632.859	3.457
76802426501127.922	3.456
76776175736725.156	3.455
76741955177019.156	3.455
76749524651277.234	3.456
76826051929159.016	3.456
75365840077548.953	3.432
76682515742572.687	3.424
76732119216345.953	3.419
76919795164802.031	3.421
77157360343639.266	3.425
77241917004076.625	3.424
77388594464209.953	3.426
77103057068039.703	3.423
76935454415862.672	3.423
76862418633321.953	3.422
77236510329602.125	3.426
76884747611884.172	3.420
76626373253784.875	3.413
76770019818102.219	3.409
76902414758376.531	3.406
77699405218646.266	3.402
82123258407194.312	3.401
77457117645815.781	3.396
77626619016232.297	3.395
77299235349515.797	3.397
76979052800403.312	3.394
76805991252808.062	3.392
76925606643354.047	3.392
76855653713429.125	3.390
76765542221206.359	3.389
76957846256592.062	3.391
76932040700334.422	3.390
76883736747811.891	3.389
75329722115201.719	3.365
76480353932942.625	3.362
77162620688696.344	3.369
76846216275200.312	3.364
76726350060505.875	3.361
76879628434836.406	3.362
76697778364797.297	3.360
76629054778297.062	3.359
76692630564780.266	3.360
76601318705270.062	3.358
76708791777402.906	3.360
76568319438437.953	3.358
76780181350990.922	3.361
76003236528465.562	3.349
77036439677225.172	3.352
76766403133716.172	3.351
76701215168664.594	3.347
76639791001073.656	3.340
76996390704336.234	3.342
76894420686640.000	3.337
76703438429837.359	3.308
76731598854060.984	3.308
76715117039348.266	3.224
76865048713096.234	3.226
76966229233979.562	3.225
76989403218871.484	3.224
77089680742203.656	3.225
77018730157120.844	3.225
77040697787820.297	3.225
77043647932169.781	3.225
76822317036833.469	3.222
76784061689212.344	3.223
76872414699167.859	3.225
77155557669173.516	3.229
77088276882224.375	3.230
77016188901708.734	3.230
77152215947664.859	3.231
77291969062285.500	3.231
77423877062910.797	3.229
77310112760389.844	3.224
77112923370199.844	3.217
77284096338105.797	3.215
76943694958866.203	3.206
77520046406131.906	3.209
77063940390792.969	3.199
77100568248399.250	3.197
77337486502519.562	3.198
77508134831882.000	3.198
77685939023762.672	3.199
77711485258479.969	3.197
77610987356705.016	3.194
77755681419798.719	3.193
77780318123997.484	3.192
77256163390226.984	3.184
77217814168069.031	3.180
77254629456093.141	3.177
74851426852394.109	3.133
76872342591817.719	3.136
76614588672018.609	3.131
76789194898035.625	3.134
76638555185376.781	3.132
76478216846276.141	3.129
76393016452532.312	3.128
76508166651715.328	3.130
76330364301911.781	3.127
76521488134420.422	3.130
76508234179684.391	3.130
76352908791861.984	3.127
76586973523610.484	3.131
76463752091483.078	3.129
76281648551656.609	3.126
76530482773421.484	3.130
76470240611591.703	3.129
76322130678528.766	3.127
76577340610697.625	3.130
76089376548447.234	3.121
76791019505371.281	3.125
76570051030732.812	3.124
76797006222304.750	3.125
76146747988763.031	3.113
76050187401667.266	3.107
76073521134149.484	3.102
76247639957844.219	3.101
76482607691061.953	3.102
76585703350800.922	3.099
76347671141056.344	3.094
77021275789551.062	3.100
76788289945255.531	3.094
76558350336310.266	3.091
76040518919331.781	3.081
76369791919010.734	3.083
76873909208019.594	3.087
76943641999099.312	3.086
76625875450875.187	3.080
76243022605811.703	3.074
76015182525560.500	3.069
75840504032079.250	3.062
76280830075020.672	3.061
76360817045745.828	3.062
74812627838163.797	3.037
75877281000416.844	3.006
76064851315893.375	3.007
76164981604752.453	3.008
76251194604449.141	3.009
76241809012535.984	3.008
76060150707954.797	3.006
75984077304215.297	3.005
76303773257881.250	3.010
76265575149637.109	3.009
76255047670451.500	3.009
76616962002319.828	3.014
76281540757015.656	3.009
76277067327396.844	3.009
76413911839855.891	3.011
76326561854262.297	3.010
76402747559937.687	3.011
76265368798309.375	3.009
76121525731831.703	3.007
76210267056034.437	3.008
76059024219378.000	3.006
76868706331819.125	3.018
76330479259091.906	3.027
75825964413333.859	3.017
75744982122686.750	3.012
75920311203639.937	3.010
75897501633480.734	3.006
76263522965210.437	2.999
76237493261748.437	2.990
76089826070251.016	2.981
75996816624979.312	2.972
75692084536702.609	2.963
75770621657846.656	2.958
75582938483432.734	2.947
75356373284747.375	2.931
75386534583971.172	2.926
75325857067755.469	2.924
74930420939278.609	2.909
75716424848252.078	2.901
76054122644760.656	2.885
75975135048127.000	2.863
76245344211302.312	2.861
76287366485006.422	2.861
75873598952777.531	2.855
75991750136057.109	2.856
76054191856015.406	2.857
76014668692247.875	2.856
76166113403402.000	2.858
76091047972277.047	2.857
76116203957460.672	2.858
76192629880492.828	2.859
76160543130145.000	2.858
76236229097975.016	2.859
76024420953950.391	2.856
76065546585865.312	2.857
76048009590694.266	2.857
75474291378587.516	2.848
75189181650796.156	2.844
75562336529670.781	2.839
74986431675041.984	2.823
75727825645209.391	2.814
75888697979559.672	2.806
75718955580257.344	2.799
75864041400920.422	2.796
75911773123917.797	2.791
75397169147421.703	2.776
75362629981588.734	2.767
75216716424020.859	2.752
75021372140231.328	2.736
75083380462408.078	2.719
74654614908885.203	2.697
75290203358284.609	2.688
75090112489399.328	2.674
75581183999951.344	2.666
75953191001365.594	2.670
75700407614075.172	2.658
75881535676876.469	2.650
75860659966444.281	2.650
75792340249265.516	2.651
75387269805624.234	2.647
75095496314287.484	2.642
75429678123208.281	2.638
75578942829491.094	2.636
75096812465682.062	2.626
75204964653492.781	2.626
75238587074158.906	2.627
75326710124754.687	2.626
75658830154101.922	2.627
74771482295255.906	2.607
75592713946470.844	2.602
75528350756238.094	2.601
75619498342923.844	2.602
75764002246426.953	2.604
75552411369325.859	2.602
75483584495384.547	2.601
75503066746960.578	2.601
75505985809075.406	2.601
75518027880191.516	2.601
76460322338573.375	2.614
76180819486180.078	2.610
76191658193824.703	2.612
75694941474501.422	2.605
75446625066428.172	2.599
75666323732821.687	2.593
75817866594211.609	2.590
76088450326530.016	2.588
76008673215682.047	2.584
75480874233468.297	2.570
75903285326260.953	2.566
75708687331611.516	2.557
75089177992366.156	2.545
75086921111231.672	2.534
75664650972995.562	2.534
75603738852869.562	2.528
75646946181248.859	2.515
75875876525435.437	2.514
75260340294237.703	2.503
75716344685515.047	2.487
75758402107634.047	2.487
76405164836396.375	2.494
75698944847830.156	2.489
75531109671324.203	2.478
75846208806078.469	2.474
75341186690214.859	2.463
75274437711864.641	2.455
75644869590086.562	2.459
75165846161110.250	2.450
75587328100966.844	2.452
75386238273022.750	2.447
75748054195675.328	2.446
75652299103521.156	2.444
75730754066879.406	2.445
75276893456976.359	2.439
74977314627418.328	2.434
75391802065271.562	2.435
75622184505545.609	2.435
75611575779297.562	2.432
75523450332510.328	2.431
75436452054229.687	2.429
75486657865099.328	2.430
75463915339282.000	2.429
75564242838448.719	2.429
75396233845948.594	2.427
75458076369687.391	2.427
75001422532441.844	2.419
75237806160476.000	2.416
75076682952819.734	2.408
75179234544680.453	2.400
75414878581605.422	2.400
75568864921090.422	2.400
75217099998957.906	2.393
75185268418620.734	2.387
75328634200683.156	2.382
75529312090648.125	2.378
74051198796394.375	2.352
74917123546016.156	2.337
75511642418597.500	2.343
75203532710793.922	2.339
75879234658527.172	2.348
75380661810578.250	2.342
75175287338780.203	2.339
75455259342361.828	2.343
75356983248996.719	2.341
75235625733243.047	2.340
75352510006897.922	2.342
75429581574298.094	2.343
76066576902721.797	2.373
75974675280398.578	2.370
75768318580320.891	2.363
76147793067940.516	2.352
76568632279038.609	2.351
76334159494055.016	2.345
76406863524157.906	2.341
76379133293444.687	2.337
76718343135723.844	2.338
76635529644867.500	2.335
76674897222014.016	2.334
76872550737626.109	2.335
76845697828344.906	2.334
76489971981419.234	2.328
76015390406755.937	2.319
76658533602401.344	2.319
76566170147867.672	2.319
76465775215043.875	2.318
76455417170441.641	2.317
76438207227298.797	2.318
76350553234423.344	2.317
76258559796994.703	2.316
76304084251227.359	2.316
76024353050561.859	2.312
76020434654808.078	2.312
75833382869354.984	2.308
76360527063893.906	2.308
76039374050784.344	2.303
75777318835440.047	2.299
75433380945554.625	2.296
74712332995011.578	2.276
74516958263930.281	2.266
75249138113627.078	2.261
75176817867733.250	2.232
77089704320008.641	2.256
75493231079935.609	2.259
75346289517773.047	2.258
74275492835808.734	2.242
75730775897964.906	2.242
75533994378749.219	2.233
75575473670343.937	2.232
73969803734599.375	2.205
75686312691363.609	2.204
75548759457909.641	2.202
75311813767352.656	2.200
75292791223070.906	2.200
75101696979995.687	2.197
75255877157796.875	2.199
75125955318845.047	2.197
76897373306405.797	2.220
75652287531469.312	2.221
75078606428941.047	2.213
75180970319504.484	2.213
75181020417282.766	2.212
75058012231618.219	2.211
75060992949216.609	2.211
75132456800957.625	2.211
75164202729755.234	2.211
75308835069435.437	2.213
75275699058349.609	2.212
75154468484388.891	2.206
75079337834467.078	2.203
75136226591637.062	2.203
75253738907446.656	2.204
75551220911974.672	2.207
75104881610083.547	2.201
75218835661978.750	2.202
75035499049790.047	2.165
75019384283920.016	2.166
75086766170574.016	2.167
74806294857934.797	2.163
74918529273421.281	2.164
74654297650476.875	2.161
74545086052471.922	2.159
74880871758003.312	2.163
75368883335680.500	2.169
76601263862745.016	2.187
75105495300030.547	2.189
75017436896847.750	2.190
75000453306871.734	2.179
74597508191173.687	2.168
74749487146824.344	2.164
74879855402707.016	2.165
75037355651893.719	2.167
74822350450264.000	2.159
75372829783182.656	2.158
75280307309284.500	2.157
74164868366556.094	2.143
75273515393159.812	2.128
74962716922000.672	2.124
75289565986904.844	2.128
75073141939492.219	2.125
75031521445471.156	2.125
75662337641671.766	2.132
75730394481569.187	2.135
75104523520186.797	2.130
74914300063125.766	2.126
75105923894741.125	2.122
75093325199454.750	2.119
75340227751357.187	2.119
75178624401100.969	2.116
75007736700890.078	2.114
75001189157309.062	2.113
74873925437283.812	2.111
72465833219949.062	2.076
74772986914083.609	2.077
74606163107084.422	2.075
74657239248890.719	2.076
74637138495568.516	2.075
74568905096203.406	2.075
74514061299710.531	2.074
76718928277307.578	2.101
75037228961201.828	2.104
75180830744828.562	2.104
74651173406462.312	2.096
74974514603498.578	2.090
75200102400138.922	2.092
75192481203150.703	2.092
75294293248641.406	2.093
75011360388375.594	2.089
74781961280028.062	2.086
74628517927403.734	2.074
74914513034863.016	2.070
75054492802320.953	2.068
74617277638717.766	2.059
74805143797893.781	2.057
74428952084203.641	2.051
74697619682917.469	2.038
74566641654859.406	2.023
75163053811700.125	2.015
75756428883432.766	2.012
75135369931383.719	1.981
74928638329889.125	1.978
75012753563988.281	1.978
74817032281866.453	1.973
75133586221443.000	1.949
75231276133897.375	1.940
75928201724749.734	1.943
75557789225780.125	1.937
75341035276242.219	1.936
75098573533492.109	1.937
74926517228979.141	1.936
75627996584277.625	1.933
75476339544461.672	1.925
75100285514164.766	1.911
75783450512077.844	1.908
75699279211687.703	1.909
75063259960382.859	1.906
74524159410099.594	1.907
74941840699639.297	1.908
75093235117808.219	1.908
74934833457508.484	1.906
74970095535853.859	1.907
75128247620353.656	1.910
75546499883321.672	1.915
74837053852818.297	1.896
75503973626717.047	1.894
74240818419663.141	1.882
75649195514375.922	1.896
75342749667494.906	1.892
75221445087461.984	1.885
75151996708318.203	1.881
75849846167685.094	1.884
75782332303024.141	1.882
75680043776398.687	1.881
75294172840252.266	1.875
74989123332566.312	1.871
75175554887863.625	1.869
74786482757979.000	1.866
74773238857567.953	1.866
75174603166444.562	1.871
74925196096671.687	1.868
75025625370121.812	1.869
74780698970636.000	1.866
74934929937041.062	1.867
74817539628971.312	1.857
75265314142177.672	1.855
75132487932198.656	1.850
74897912241912.781	1.846
74702565170044.125	1.840
74706999267409.562	1.835
75210066353301.672	1.833
74915208433792.359	1.827
75263351753264.375	1.820
75383274766606.344	1.820
75462906616560.047	1.821
74804590380468.078	1.820
75173025026289.328	1.819
75131957393305.156	1.818
75243300489303.875	1.820
75190365326922.344	1.819
75115537318334.766	1.818
75256555797046.547	1.820
75343710979960.125	1.818
74336894051226.656	1.805
75077431662704.437	1.806
74950100272580.047	1.803
75212508554950.078	1.803
75321166705888.234	1.802
75098602393266.281	1.797
74587813065261.312	1.790
-0.000	1.791
75268592266514.234	1.795
75764355987114.875	1.801
74796043259566.234	1.789
74817927469898.891	1.789
74709077191797.312	1.787
74810387137957.812	1.788
74294110975009.359	1.770
74594665695235.484	1.773
74481562528406.687	1.771
74577607778036.828	1.772
74520523291556.625	1.770
74853638036125.359	1.772
75009331204881.531	1.771
74426540101275.656	1.748
75371081713658.891	1.755
75808466398328.094	1.755
75714305074209.984	1.752
75686493998097.953	1.751
76066115023731.062	1.753
75509283852857.141	1.750
75316946823069.969	1.748
75298896196054.625	1.748
75567581439145.187	1.752
75572167159963.781	1.751
76077597377584.469	1.745
75918560103333.516	1.739
75427584670603.234	1.728
75685200331293.937	1.725
75928064663444.516	1.720
75713819439444.781	1.713
75628600919868.734	1.712
76049279184714.359	1.714
75782669057970.219	1.710
75842155470187.172	1.705
76104491621990.953	1.707
75497234289677.953	1.700
74837708694919.078	1.697
74819014004654.484	1.696
74836507014603.422	1.696
74635803337471.312	1.693
74910834521797.922	1.697
74703870240838.625	1.694
75122557475911.172	1.699
74803617418479.891	1.696
74576597400426.359	1.693
74750120738767.219	1.695
75399604086569.625	1.682
75486199716837.328	1.683
75425071946577.984	1.683
75478148422861.812	1.684
75476770656865.437	1.685
74658479087856.000	1.687
74833593742754.844	1.691
75004529006899.594	1.694
74907414554119.969	1.691
75528618748488.516	1.689
75770246321592.047	1.687
75456795335135.891	1.683
75517520003091.937	1.683
75114488996916.141	1.676
75021472312409.594	1.671
74651733694670.922	1.663
74716968080204.578	1.662
75168262632548.312	1.661
74868066416678.297	1.657
74963028480198.062	1.659
74411271442476.516	1.650
74635931618770.562	1.646
74748381097520.328	1.642
74661552944885.312	1.628
74734778323383.703	1.620
74617315672417.703	1.603
74955406907945.719	1.604
75420630886323.656	1.607
75527698843836.281	1.597
74766318245000.375	1.588
74551853941111.937	1.583
74865885239500.641	1.568
75014733969407.875	1.566
74911173762567.453	1.558
74828887156721.250	1.550
74996160347128.141	1.548
75121640709553.641	1.546
74933525306153.031	1.541
75059674288265.391	1.538
75026945796688.219	1.538
75408572065493.625	1.540
75087352401543.172	1.536
75124667752045.437	1.537
75029133834589.750	1.537
74962610591601.422	1.535
74123523430071.266	1.524
75085564192894.687	1.510
74656984806186.484	1.497
75263206702643.391	1.496
74833874258881.953	1.488
75255351077025.422	1.475
75234088164423.469	1.465
74850339834701.312	1.459
74969011330204.484	1.453
74717164918396.984	1.442
74823952421338.078	1.425
74944319780390.187	1.419
75170755118245.344	1.419
75001148389567.578	1.416
75807106309698.594	1.417
75827566163526.484	1.405
75901206686778.859	1.390
75764358249676.156	1.382
75834438576225.828	1.374
75430279351131.484	1.363
75863269287548.969	1.356
75800378954962.484	1.352
75825130630475.484	1.347
76105273350448.297	1.345
76377580302723.766	1.344
75746666785988.047	1.333
76385452250460.375	1.336
76058835836626.609	1.326
76677209662299.219	1.332
76290482416467.734	1.328
76086586449873.750	1.325
76131175011689.781	1.326
76132019856281.391	1.326
76244912637171.828	1.327
76416418618297.266	1.329
75890363015273.828	1.323
76050522040637.062	1.325
76137695556313.937	1.326
76730035980485.078	1.333
76518461939646.750	1.331
76175588664315.109	1.326
75681286834144.594	1.328
75053908254738.781	1.323
74252166094431.000	1.299
74808248276952.672	1.295
74705308023373.391	1.277
74733279201717.547	1.274
74995272237720.984	1.256
76438810316819.250	1.252
76416866967267.750	1.251
76484865803363.828	1.252
76752861293929.375	1.255
76567061951949.531	1.253
76674035399285.734	1.254
76475776479476.156	1.252
76424891924503.359	1.251
75946104169244.250	1.251
75938529560940.562	1.247
76223539977572.734	1.249
76755495815762.641	1.256
76298335733410.094	1.250
77572067388532.844	1.242
77104707914627.859	1.223
77172744922182.453	1.203
76755764863146.359	1.200
76445405197677.672	1.199
76598284134150.859	1.201
76750228347082.359	1.202
76018499660890.062	1.192
76142706026000.500	1.175
76607777559443.094	1.163
77112327244560.359	1.157
76947390084243.516	1.156
76899990408476.984	1.156
77302282055987.906	1.160
77335721942773.781	1.161
77397280909830.031	1.161
77112936536745.141	1.158
77248383808627.500	1.160
77386600298026.172	1.161
77288971866865.422	1.160
77101758273886.797	1.158
77341595580988.156	1.161
77288899635698.391	1.160
77348372797763.234	1.161
77120982801677.422	1.158
76803193494737.437	1.154
77357670902407.734	1.161
77285755074170.281	1.160
77488562205126.734	1.162
77218649178919.266	1.159
76749428306377.828	1.172
77082845286656.516	1.174
77237579396690.078	1.171
77204897549117.937	1.171
76934233493161.297	1.167
76950890358297.250	1.139
77217154823228.578	1.143
77080810518850.656	1.141
77020009053071.516	1.140
77054482050546.766	1.141
77125216583401.781	1.141
77135622639311.078	1.142
77026193246404.500	1.140
77203789165448.000	1.142
77123969417056.078	1.141
77089130132431.969	1.141
77268475796483.406	1.143
77153704573757.156	1.142
76922289650197.375	1.139
77090615603484.562	1.141
76973419333518.187	1.139
77039440568723.531	1.138
77145374165712.125	1.124
76687094901467.797	1.113
76729027201230.719	1.108
76771902975344.187	1.108
76582550617800.500	1.103
76978319119286.641	1.099
77685742887526.437	1.106
77396309596848.609	1.104
77483699050113.828	1.105
76586995674494.922	1.096
76700790002769.125	1.094
76780958587555.328	1.095
77137835758149.969	1.099
76747251057152.531	1.097
77252563809337.094	1.105
76516847340015.328	1.096
77426392863109.531	1.104
78320033005306.922	1.113
77959500659617.672	1.100
77472864542306.422	1.105
77333529948889.250	1.102
76926665641259.875	1.097
77075520279113.641	1.099
76737200980527.937	1.093
77259888615474.172	1.075
77355931181681.844	1.075
77328583336368.016	1.074
77292964766988.547	1.074
77452044150203.312	1.075
77419093077137.187	1.075
77688930294123.516	1.078
77267807992259.562	1.073
78761973936380.266	1.092
78057571219947.219	1.088
78293642203214.594	1.087
76795643767365.594	1.069
77478278635092.047	1.066
77655249983428.328	1.080
77614364191136.172	1.080
77928272416960.391	1.082
77683796681571.156	1.079
77581323979071.000	1.079
77588829276813.094	1.080
77543791738374.281	1.078
77348661851089.547	1.076
77740497291345.937	1.080
77640726596985.359	1.078
77743938911343.562	1.079
77580004912932.609	1.077
77837341144768.859	1.078
77808102953548.078	1.079
77895289472454.453	1.079
77972685717393.734	1.080
76840336629622.828	1.066
77778359643209.422	1.066
77701570353588.422	1.066
78210545117983.437	1.075
77685520552717.406	1.073
77750235786227.750	1.073
77614992096231.219	1.069
77687367159201.719	1.065
77727068047467.437	1.058
77981729502108.297	1.060
78317219080928.734	1.063
77720994353508.562	1.055
77793442588277.312	1.056
77773103037059.469	1.055
77914119064974.766	1.055
78800078345071.828	1.038
79221891960018.500	1.039
78115029557552.812	1.045
77569339777035.031	1.038
78437248417727.906	1.037
78555391657349.516	1.038
78298141406929.500	1.037
78775106997442.812	1.048
78563541755515.812	1.052
78157110849523.312	1.048
78285169077663.953	1.047
77759487803436.625	1.040
77470571507416.547	1.036
76460906839415.875	1.012
77498579028104.500	1.000
77401307411135.359	0.995
77805081467423.187	0.999
78045984553422.281	1.000
77926765433091.969	0.998
77527735077292.844	0.993
77901624356417.312	0.992
77539043549812.500	0.980
78245875955870.750	0.979
79497255911940.734	0.994
78335648128821.297	0.992
77644448976235.719	0.982
78358438255735.984	0.976
78605402220819.172	0.976
78426171761273.000	0.974
78263017401733.219	0.972
78510057850849.016	0.970
78726002315093.437	0.972
78553244619098.609	0.970
78480245799436.984	0.969
78718146693284.234	0.950
78641648107925.812	0.944
78805820924014.625	0.938
78733961016947.156	0.930
78983101684559.734	0.925
78973088998684.937	0.911
79046601920782.453	0.899
79018095227425.187	0.893
79015277485765.391	0.889
79573406697436.719	0.893
79022110207372.156	0.885
79562836755450.609	0.885
79896046337619.156	0.879
80429229918851.578	0.884
79647668627618.641	0.872
79622218122864.719	0.864
79625465176902.031	0.864
79743998972678.172	0.858
79759955128216.406	0.851
79541970657465.391	0.849
79721579465718.859	0.850
79763467230425.672	0.851
79886952028586.453	0.853
78962593468086.359	0.841
79509611202471.750	0.836
79581904010137.875	0.834
79443127671732.047	0.828
79883008832499.969	0.827
80245524001484.062	0.829
80012756789004.266	0.824
79791612532346.641	0.821
79842571952137.953	0.821
80587399054882.375	0.831
80473977287108.109	0.828
80746439861211.797	0.832
80609421041130.094	0.830
79929945836699.187	0.822
81209915360835.469	0.811
81094398112630.953	0.805
80667469118220.750	0.787
80560612361035.172	0.775
81053694829532.578	0.777
81494631926173.719	0.781
81496856051461.953	0.780
81738156850265.203	0.780
81489071579509.922	0.779
81492291153666.469	0.778
81852054533834.125	0.767
81173748313439.844	0.756
81421904854301.094	0.750
82100219973810.078	0.747
82345440197386.094	0.748
81628864385161.266	0.736
82637730249180.391	0.745
82526280411445.094	0.743
82242341048010.437	0.739
82338046486268.547	0.739
82332008427654.859	0.738
82270663933212.500	0.737
82144158594105.359	0.735
82960992091746.797	0.735
82825576670017.969	0.723
82926442437741.078	0.708
82765074197106.500	0.710
82143551066274.781	0.702
82159618295299.125	0.702
82420906025564.000	0.706
82282677730263.578	0.704
82114347271114.109	0.702
82083927460104.094	0.701
82240273937045.562	0.703
82198050241497.094	0.703
82325069017683.625	0.704
82336825966146.375	0.705
82279731890949.062	0.704
82340698631381.437	0.702
82410502921064.531	0.703
82313564890256.531	0.702
82091713453286.141	0.699
82332605464549.734	0.703
82446129640229.516	0.704
82388727135622.000	0.703
82690024853213.625	0.709
82908001104711.141	0.700
83274510278149.672	0.695
83120223433287.844	0.687
83270258814729.859	0.685
82913142603367.547	0.681
82675958527032.562	0.675
82840736985508.094	0.678
83017106096901.453	0.680
82480717496925.812	0.673
82740848297762.891	0.676
82764454924643.687	0.677
82896433647183.625	0.678
82572010221425.187	0.669
82954267903535.500	0.677
83143389492024.922	0.680
82958790024017.203	0.677
82745431848253.953	0.674
82727548846217.812	0.674
82444705348123.125	0.670
82638697784095.891	0.672
82927659814856.969	0.676
83037482273787.281	0.678
83305095676348.531	0.678
82537130765487.891	0.675
82936531636352.172	0.681
82601564629753.516	0.678
83082868563080.297	0.666
83122569841657.656	0.663
83361837170389.312	0.663
83339778514605.922	0.656
83431345280346.531	0.655
83224395265908.562	0.652
83319362596552.797	0.652
82978593609695.562	0.647
83882714676785.719	0.629
84022696609581.562	0.626
83941404054016.766	0.624
84021260528890.750	0.625
83774194798685.047	0.622
83822976409056.578	0.622
83924303981340.359	0.624
83959436402916.766	0.624
83765352757674.500	0.621
84106147347862.750	0.646
83661900535297.375	0.645
83825992610425.734	0.644
83615017746525.078	0.642
83730939722304.391	0.644
83473045197693.781	0.641
83949503715400.031	0.640
83367819909122.406	0.622
83565157872469.625	0.622
83753885836762.984	0.614
84198175085816.859	0.615
84061322085731.250	0.605
84630314940797.078	0.607
84528860054316.937	0.602
84525105376810.469	0.599
84730120037776.594	0.599
84475135568216.344	0.594
85728630786484.750	0.565
85651331521224.234	0.562
85553535986951.547	0.562
86055918940231.250	0.552
87323202888068.719	0.495
87720484114774.562	0.461
87945776315460.516	0.460
87751003528195.156	0.456
88000375197148.187	0.452
87936712480876.344	0.444
88103218846521.500	0.434
87924140125466.516	0.429
88223332794549.141	0.424
87872858393675.391	0.416
88117900652945.844	0.416
88596093779536.203	0.413
88430349929870.219	0.398
88923278399029.172	0.403
88927822733027.172	0.403
88830163862795.766	0.401
88843438590993.625	0.400
88772101500374.594	0.399
88739083414684.406	0.398
88746593568335.609	0.398
88810844294197.844	0.399
88883216217142.031	0.401
88620316961183.969	0.395
88958574256945.875	0.385
89312666173522.484	0.382
89407343511786.953	0.380
89501052747452.250	0.381
89508416528798.828	0.381
89619018380346.047	0.384
89691632156303.359	0.383
89559053819491.719	0.382
89516821876796.859	0.370
89638117750188.891	0.368
89933495828527.094	0.358
90160164767859.516	0.361
90087164208287.359	0.351
90187487574770.625	0.348
90385581679024.922	0.346
90413747924080.562	0.341
90490361413297.578	0.339
90501147394267.484	0.336
90740333625351.078	0.337
90734281401186.750	0.336
90566144700026.422	0.332
90792378845638.328	0.334
90739020069674.453	0.332
90618920364207.203	0.329
90650532610163.609	0.330
90606139448136.109	0.329
90541774423175.187	0.328
90485264188714.875	0.327
90361345881405.516	0.323
90936641262662.734	0.312
90863525901834.375	0.310
90905293149541.312	0.311
90282998128283.437	0.328
89972810007672.094	0.318
90383830657027.812	0.310
90610733565542.609	0.296
91176425928000.922	0.294
91268384150206.516	0.280
91379512802860.875	0.275
91602107411020.859	0.275
91833475038814.437	0.264
92115152645379.875	0.256
92791542675281.984	0.244
92965854020349.781	0.242
94507862396561.547	0.209
94793552519423.687	0.183
96294754851069.797	0.154
97528830150991.062	0.124
98383648420150.125	0.114
98954291702256.031	0.103
99153183087067.656	0.102
99620333571170.828	0.094
100390020778513.125	0.083
100710042022639.266	0.080
100683026072600.344	0.080
101364946945199.047	0.068
103556654076955.828	0.046
104431997243307.812	0.036
105183093663452.437	0.029
105581297752967.187	0.025
105939542591841.937	0.023
106768089905458.906	0.013
107536525721298.406	0.007
107588597587260.562	0.009
107936980113874.328	0.007
107724002736038.500	0.010
107843161970075.062	0.008
107882397651222.219	0.008
