4.027740E+15	2.124230E+0	3.756355E+3	1.347385E-3	1.960349E+1
4.075412E+15	2.124248E+0	3.800872E+3	1.347365E-3	1.957105E+1
4.069454E+15	2.124246E+0	3.795309E+3	1.347367E-3	1.956748E+1
3.997997E+15	2.124231E+0	3.728620E+3	1.347384E-3	1.956813E+1
3.986277E+15	2.124273E+0	3.717823E+3	1.347335E-3	1.962295E+1
3.992405E+15	2.124316E+0	3.723674E+3	1.347287E-3	1.966707E+1
3.962610E+15	2.124305E+0	3.695850E+3	1.347299E-3	1.973293E+1
3.974064E+15	2.124198E+0	3.706195E+3	1.347422E-3	1.978224E+1
3.979835E+15	2.124155E+0	3.711443E+3	1.347471E-3	1.980690E+1
3.956105E+15	2.124171E+0	3.689363E+3	1.347452E-3	1.983804E+1
3.938196E+15	2.124156E+0	3.672616E+3	1.347469E-3	1.988249E+1
4.027284E+15	2.124121E+0	3.755585E+3	1.347509E-3	1.994380E+1
3.944100E+15	2.124145E+0	3.678088E+3	1.347482E-3	2.001744E+1
3.979765E+15	2.124138E+0	3.711324E+3	1.347490E-3	2.007389E+1
3.973729E+15	2.124117E+0	3.705630E+3	1.347514E-3	2.012807E+1
3.980029E+15	2.124202E+0	3.711771E+3	1.347417E-3	2.020106E+1
4.015791E+15	2.124218E+0	3.745174E+3	1.347399E-3	2.025978E+1
4.039677E+15	2.124239E+0	3.767516E+3	1.347375E-3	2.031104E+1
4.003814E+15	2.124199E+0	3.733943E+3	1.347421E-3	2.046482E+1
3.985817E+15	2.124163E+0	3.717047E+3	1.347462E-3	2.061567E+1
3.991903E+15	2.124196E+0	3.722826E+3	1.347424E-3	2.077334E+1
4.009680E+15	2.124179E+0	3.739351E+3	1.347443E-3	2.085704E+1
4.015566E+15	2.124164E+0	3.744793E+3	1.347460E-3	2.114901E+1
4.009621E+15	2.124165E+0	3.739252E+3	1.347459E-3	2.140141E+1
3.991853E+15	2.124184E+0	3.722742E+3	1.347438E-3	2.168690E+1
4.009567E+15	2.124152E+0	3.739161E+3	1.347474E-3	2.240061E+1
4.021624E+15	2.124190E+0	3.750524E+3	1.347431E-3	2.332034E+1
4.021812E+15	2.124235E+0	3.750842E+3	1.347380E-3	2.415766E+1
4.004458E+15	2.124353E+0	3.735033E+3	1.347245E-3	2.487462E+1
3.986194E+15	2.124254E+0	3.717683E+3	1.347358E-3	2.570480E+1
3.986161E+15	2.124246E+0	3.717628E+3	1.347367E-3	2.623101E+1
3.974253E+15	2.124244E+0	3.706516E+3	1.347370E-3	2.628519E+1
3.956097E+15	2.124169E+0	3.689349E+3	1.347455E-3	2.639938E+1
3.950439E+15	2.124240E+0	3.684294E+3	1.347374E-3	2.663588E+1
3.956199E+15	2.124194E+0	3.689523E+3	1.347426E-3	2.693532E+1
3.956134E+15	2.124178E+0	3.689412E+3	1.347444E-3	2.725292E+1
3.938401E+15	2.124206E+0	3.672961E+3	1.347413E-3	2.756047E+1
3.938360E+15	2.124196E+0	3.672892E+3	1.347424E-3	2.790305E+1
3.938323E+15	2.124187E+0	3.672830E+3	1.347434E-3	2.824045E+1
3.956117E+15	2.124174E+0	3.689384E+3	1.347449E-3	2.851004E+1
3.997806E+15	2.124185E+0	3.728297E+3	1.347437E-3	2.879358E+1
3.997881E+15	2.124203E+0	3.728423E+3	1.347416E-3	2.904306E+1
3.998068E+15	2.124248E+0	3.728739E+3	1.347365E-3	2.928475E+1
3.997918E+15	2.124212E+0	3.728486E+3	1.347406E-3	2.948069E+1
4.027636E+15	2.124205E+0	3.756179E+3	1.347414E-3	2.963155E+1
4.063019E+15	2.124131E+0	3.788941E+3	1.347498E-3	2.982036E+1
4.063187E+15	2.124171E+0	3.789226E+3	1.347452E-3	3.004842E+1
4.063348E+15	2.124209E+0	3.789497E+3	1.347409E-3	3.024113E+1
4.063449E+15	2.124233E+0	3.789668E+3	1.347382E-3	3.044389E+1
4.057285E+15	2.124182E+0	3.783756E+3	1.347440E-3	3.074008E+1
4.057243E+15	2.124172E+0	3.783685E+3	1.347451E-3	3.098956E+1
4.057188E+15	2.124159E+0	3.783592E+3	1.347466E-3	3.122411E+1
4.057260E+15	2.124176E+0	3.783713E+3	1.347447E-3	3.142168E+1
4.057260E+15	2.124176E+0	3.783713E+3	1.347447E-3	3.165364E+1
4.057024E+15	2.124120E+0	3.783315E+3	1.347510E-3	3.185802E+1
4.057112E+15	2.124141E+0	3.783464E+3	1.347486E-3	3.207863E+1
4.057289E+15	2.124183E+0	3.783763E+3	1.347439E-3	3.232356E+1
4.057285E+15	2.124182E+0	3.783756E+3	1.347440E-3	3.257142E+1
4.051218E+15	2.124154E+0	3.778009E+3	1.347472E-3	3.279786E+1
4.051344E+15	2.124184E+0	3.778222E+3	1.347438E-3	3.298278E+1
4.051437E+15	2.124206E+0	3.778379E+3	1.347413E-3	3.315602E+1
4.051424E+15	2.124203E+0	3.778357E+3	1.347416E-3	3.332731E+1
4.051424E+15	2.124203E+0	3.778357E+3	1.347416E-3	3.348400E+1
4.051483E+15	2.124217E+0	3.778457E+3	1.347400E-3	3.363324E+1
4.051167E+15	2.124142E+0	3.777924E+3	1.347485E-3	3.378312E+1
4.057407E+15	2.124211E+0	3.783963E+3	1.347407E-3	3.390250E+1
4.057441E+15	2.124219E+0	3.784020E+3	1.347398E-3	3.407379E+1
4.057390E+15	2.124207E+0	3.783934E+3	1.347412E-3	3.422238E+1
4.075208E+15	2.124200E+0	3.800529E+3	1.347419E-3	3.463633E+1
4.093124E+15	2.124216E+0	3.817289E+3	1.347401E-3	3.530561E+1
4.051386E+15	2.124194E+0	3.778293E+3	1.347426E-3	3.623084E+1
4.015570E+15	2.124165E+0	3.744800E+3	1.347459E-3	3.731407E+1
4.009913E+15	2.124235E+0	3.739745E+3	1.347380E-3	3.837978E+1
4.009696E+15	2.124183E+0	3.739379E+3	1.347439E-3	3.938353E+1
4.003839E+15	2.124205E+0	3.733986E+3	1.347414E-3	4.030131E+1
3.986012E+15	2.124210E+0	3.717376E+3	1.347408E-3	4.120546E+1
3.968498E+15	2.124290E+0	3.701295E+3	1.347316E-3	4.200385E+1
3.950275E+15	2.124200E+0	3.684016E+3	1.347419E-3	4.279121E+1
3.944395E+15	2.124217E+0	3.678586E+3	1.347400E-3	4.356786E+1
3.932607E+15	2.124244E+0	3.667675E+3	1.347370E-3	4.424525E+1
3.926531E+15	2.124213E+0	3.661913E+3	1.347405E-3	4.483536E+1
3.914767E+15	2.124246E+0	3.651043E+3	1.347367E-3	4.542580E+1
3.914661E+15	2.124220E+0	3.650865E+3	1.347397E-3	4.599029E+1
3.920476E+15	2.124187E+0	3.656186E+3	1.347434E-3	4.653628E+1
3.914681E+15	2.124225E+0	3.650899E+3	1.347391E-3	4.700928E+1
3.890949E+15	2.124241E+0	3.628814E+3	1.347373E-3	4.743622E+1
3.885064E+15	2.124257E+0	3.623375E+3	1.347355E-3	4.784239E+1
3.861097E+15	2.124215E+0	3.600895E+3	1.347402E-3	4.825504E+1
3.837583E+15	2.124285E+0	3.579179E+3	1.347322E-3	4.857103E+1
3.819686E+15	2.124273E+0	3.562452E+3	1.347335E-3	4.896909E+1
3.801707E+15	2.124241E+0	3.545585E+3	1.347373E-3	4.965945E+1
3.783858E+15	2.124241E+0	3.528939E+3	1.347373E-3	5.028265E+1
3.772049E+15	2.124263E+0	3.517994E+3	1.347347E-3	5.096750E+1
3.765955E+15	2.124227E+0	3.512200E+3	1.347389E-3	5.156507E+1
3.766123E+15	2.124269E+0	3.512484E+3	1.347340E-3	5.210458E+1
3.765857E+15	2.124202E+0	3.512035E+3	1.347417E-3	5.257142E+1
3.760103E+15	2.124252E+0	3.506817E+3	1.347360E-3	5.300289E+1
3.754169E+15	2.124256E+0	3.501294E+3	1.347356E-3	5.341685E+1
3.754169E+15	2.124256E+0	3.501294E+3	1.347356E-3	5.377241E+1
3.771779E+15	2.124195E+0	3.517537E+3	1.347425E-3	5.408742E+1
3.759978E+15	2.124220E+0	3.506605E+3	1.347397E-3	5.439821E+1
3.741924E+15	2.124167E+0	3.489612E+3	1.347457E-3	5.471906E+1
3.730030E+15	2.124168E+0	3.478523E+3	1.347456E-3	5.511614E+1
3.712245E+15	2.124184E+0	3.461983E+3	1.347438E-3	5.552556E+1
3.688284E+15	2.124141E+0	3.439513E+3	1.347486E-3	5.589604E+1
3.682538E+15	2.124194E+0	3.434308E+3	1.347426E-3	5.624349E+1
3.664759E+15	2.124212E+0	3.417779E+3	1.347406E-3	5.662209E+1
3.652796E+15	2.124195E+0	3.406573E+3	1.347425E-3	5.692801E+1
3.646937E+15	2.124219E+0	3.401179E+3	1.347398E-3	5.717068E+1
3.646869E+15	2.124201E+0	3.401064E+3	1.347418E-3	5.736565E+1
3.640757E+15	2.124158E+0	3.395241E+3	1.347467E-3	5.748893E+1
3.640961E+15	2.124212E+0	3.395586E+3	1.347406E-3	5.764790E+1
3.634891E+15	2.124180E+0	3.389833E+3	1.347442E-3	5.780589E+1
3.634929E+15	2.124190E+0	3.389897E+3	1.347431E-3	5.794863E+1
3.635001E+15	2.124209E+0	3.390018E+3	1.347409E-3	5.808813E+1
3.646979E+15	2.124230E+0	3.401249E+3	1.347385E-3	5.821303E+1
3.658726E+15	2.124190E+0	3.412090E+3	1.347431E-3	5.830711E+1
3.658825E+15	2.124216E+0	3.412256E+3	1.347401E-3	5.835740E+1
3.658631E+15	2.124165E+0	3.411929E+3	1.347459E-3	5.840833E+1
3.682419E+15	2.124163E+0	3.434108E+3	1.347462E-3	5.848943E+1
3.682277E+15	2.124126E+0	3.433868E+3	1.347504E-3	5.854880E+1
3.688184E+15	2.124115E+0	3.439345E+3	1.347516E-3	5.857541E+1
3.712465E+15	2.124241E+0	3.462355E+3	1.347373E-3	5.857086E+1
3.724263E+15	2.124215E+0	3.473282E+3	1.347402E-3	5.856892E+1
3.742263E+15	2.124254E+0	3.490183E+3	1.347358E-3	5.857962E+1
3.742212E+15	2.124241E+0	3.490098E+3	1.347373E-3	5.861271E+1
3.742154E+15	2.124226E+0	3.490000E+3	1.347390E-3	5.872172E+1
3.742216E+15	2.124242E+0	3.490105E+3	1.347372E-3	5.890599E+1
3.718341E+15	2.124222E+0	3.467779E+3	1.347394E-3	5.907079E+1
3.718430E+15	2.124245E+0	3.467930E+3	1.347368E-3	5.923949E+1
3.718561E+15	2.124278E+0	3.468151E+3	1.347330E-3	5.939131E+1
3.724162E+15	2.124189E+0	3.473112E+3	1.347432E-3	5.953892E+1
3.730073E+15	2.124179E+0	3.478595E+3	1.347443E-3	5.970632E+1
3.730433E+15	2.124271E+0	3.479204E+3	1.347338E-3	5.990616E+1
3.730096E+15	2.124185E+0	3.478634E+3	1.347437E-3	6.011509E+1
3.730146E+15	2.124198E+0	3.478719E+3	1.347422E-3	6.028930E+1
3.724573E+15	2.124294E+0	3.473805E+3	1.347312E-3	6.043399E+1
3.724480E+15	2.124270E+0	3.473648E+3	1.347339E-3	6.060723E+1
3.718449E+15	2.124250E+0	3.467962E+3	1.347363E-3	6.083465E+1
3.718484E+15	2.124259E+0	3.468021E+3	1.347352E-3	6.108834E+1
3.718341E+15	2.124222E+0	3.467779E+3	1.347394E-3	6.128818E+1
3.730259E+15	2.124227E+0	3.478909E+3	1.347389E-3	6.156945E+1
3.730224E+15	2.124218E+0	3.478850E+3	1.347399E-3	6.192469E+1
3.718414E+15	2.124241E+0	3.467903E+3	1.347373E-3	6.227603E+1
3.718345E+15	2.124223E+0	3.467786E+3	1.347393E-3	6.267766E+1
3.712364E+15	2.124215E+0	3.462185E+3	1.347402E-3	6.304068E+1
3.706885E+15	2.124336E+0	3.457431E+3	1.347264E-3	6.333493E+1
3.706785E+15	2.124310E+0	3.457262E+3	1.347293E-3	6.361004E+1
3.712669E+15	2.124293E+0	3.462700E+3	1.347313E-3	6.393640E+1
3.712781E+15	2.124322E+0	3.462889E+3	1.347280E-3	6.422221E+1
3.724665E+15	2.124318E+0	3.473962E+3	1.347284E-3	6.440778E+1
3.754197E+15	2.124262E+0	3.501340E+3	1.347348E-3	6.457420E+1
3.765916E+15	2.124217E+0	3.512134E+3	1.347400E-3	6.475069E+1
3.766049E+15	2.124251E+0	3.512359E+3	1.347362E-3	6.490414E+1
3.765924E+15	2.124219E+0	3.512147E+3	1.347398E-3	6.513642E+1
3.760189E+15	2.124273E+0	3.506962E+3	1.347335E-3	6.536189E+1
3.766264E+15	2.124305E+0	3.512722E+3	1.347299E-3	6.561007E+1
3.771932E+15	2.124234E+0	3.517795E+3	1.347381E-3	6.590334E+1
3.772151E+15	2.124289E+0	3.518166E+3	1.347317E-3	6.615477E+1
3.760135E+15	2.124260E+0	3.506869E+3	1.347351E-3	6.649865E+1
3.748286E+15	2.124272E+0	3.495857E+3	1.347337E-3	6.681917E+1
3.748130E+15	2.124233E+0	3.495594E+3	1.347382E-3	6.716013E+1
3.748282E+15	2.124271E+0	3.495851E+3	1.347338E-3	6.750823E+1
3.748154E+15	2.124239E+0	3.495634E+3	1.347375E-3	6.787547E+1
3.754216E+15	2.124267E+0	3.501373E+3	1.347342E-3	6.823590E+1
3.754134E+15	2.124247E+0	3.501235E+3	1.347366E-3	6.861677E+1
3.760017E+15	2.124230E+0	3.506671E+3	1.347385E-3	6.905246E+1
3.759924E+15	2.124206E+0	3.506513E+3	1.347413E-3	6.947647E+1
3.772296E+15	2.124326E+0	3.518411E+3	1.347275E-3	6.988264E+1
3.772210E+15	2.124304E+0	3.518265E+3	1.347300E-3	7.029984E+1
3.771893E+15	2.124224E+0	3.517729E+3	1.347392E-3	7.069174E+1
3.771944E+15	2.124237E+0	3.517815E+3	1.347377E-3	7.109337E+1
3.772022E+15	2.124257E+0	3.517947E+3	1.347355E-3	7.148818E+1
3.772053E+15	2.124264E+0	3.518000E+3	1.347346E-3	7.189079E+1
3.771944E+15	2.124237E+0	3.517815E+3	1.347377E-3	7.230799E+1
3.759928E+15	2.124207E+0	3.506520E+3	1.347412E-3	7.274433E+1
3.753865E+15	2.124178E+0	3.500780E+3	1.347444E-3	7.318651E+1
3.754033E+15	2.124221E+0	3.501064E+3	1.347396E-3	7.359560E+1
3.753971E+15	2.124205E+0	3.500958E+3	1.347414E-3	7.401053E+1
3.753947E+15	2.124199E+0	3.500919E+3	1.347421E-3	7.444882E+1
3.753920E+15	2.124192E+0	3.500873E+3	1.347429E-3	7.486731E+1
3.754025E+15	2.124219E+0	3.501050E+3	1.347398E-3	7.527089E+1
3.754091E+15	2.124236E+0	3.501162E+3	1.347379E-3	7.565305E+1
3.753974E+15	2.124206E+0	3.500965E+3	1.347413E-3	7.597552E+1
3.753939E+15	2.124197E+0	3.500905E+3	1.347423E-3	7.630578E+1
3.748232E+15	2.124259E+0	3.495765E+3	1.347352E-3	7.655753E+1
3.748286E+15	2.124272E+0	3.495857E+3	1.347337E-3	7.692704E+1
3.748123E+15	2.124231E+0	3.495581E+3	1.347384E-3	7.726865E+1
3.748216E+15	2.124255E+0	3.495739E+3	1.347357E-3	7.760085E+1
3.742247E+15	2.124250E+0	3.490157E+3	1.347363E-3	7.790873E+1
3.742177E+15	2.124232E+0	3.490039E+3	1.347383E-3	7.826623E+1
3.742309E+15	2.124265E+0	3.490262E+3	1.347345E-3	7.860136E+1
3.742200E+15	2.124238E+0	3.490078E+3	1.347376E-3	7.891864E+1
3.742356E+15	2.124277E+0	3.490341E+3	1.347331E-3	7.923105E+1
3.742181E+15	2.124233E+0	3.490046E+3	1.347382E-3	7.955093E+1
3.742274E+15	2.124257E+0	3.490203E+3	1.347355E-3	7.988021E+1
3.742387E+15	2.124285E+0	3.490394E+3	1.347322E-3	8.022344E+1
3.736177E+15	2.124219E+0	3.484405E+3	1.347398E-3	8.056278E+1
3.730340E+15	2.124248E+0	3.479047E+3	1.347365E-3	8.088882E+1
3.730181E+15	2.124207E+0	3.478778E+3	1.347412E-3	8.123141E+1
3.730301E+15	2.124238E+0	3.478981E+3	1.347376E-3	8.152663E+1
3.730232E+15	2.124220E+0	3.478863E+3	1.347397E-3	8.181309E+1
3.730247E+15	2.124224E+0	3.478889E+3	1.347392E-3	8.213718E+1
3.730317E+15	2.124242E+0	3.479007E+3	1.347372E-3	8.246419E+1
3.724329E+15	2.124232E+0	3.473393E+3	1.347383E-3	8.279510E+1
3.724209E+15	2.124201E+0	3.473191E+3	1.347418E-3	8.306534E+1
3.724600E+15	2.124301E+0	3.473851E+3	1.347304E-3	8.336121E+1
3.724538E+15	2.124285E+0	3.473746E+3	1.347322E-3	8.364540E+1
3.724472E+15	2.124268E+0	3.473635E+3	1.347341E-3	8.392407E+1
3.718372E+15	2.124230E+0	3.467832E+3	1.347385E-3	8.419463E+1
3.712442E+15	2.124235E+0	3.462316E+3	1.347380E-3	8.449894E+1
3.712102E+15	2.124147E+0	3.461742E+3	1.347480E-3	8.482141E+1
3.712361E+15	2.124214E+0	3.462179E+3	1.347404E-3	8.510625E+1
3.700424E+15	2.124204E+0	3.451017E+3	1.347415E-3	8.538525E+1
3.700608E+15	2.124252E+0	3.451329E+3	1.347360E-3	8.564802E+1
3.703385E+15	2.124969E+0	3.456021E+3	1.346541E-3	8.593481E+1
3.697250E+15	2.124922E+0	3.450160E+3	1.346594E-3	8.620375E+1
3.708911E+15	2.124859E+0	3.460854E+3	1.346667E-3	8.646004E+1
3.708953E+15	2.124870E+0	3.460926E+3	1.346654E-3	8.670919E+1
3.708919E+15	2.124861E+0	3.460867E+3	1.346664E-3	8.696905E+1
3.708849E+15	2.124843E+0	3.460750E+3	1.346685E-3	8.723053E+1
3.702985E+15	2.124866E+0	3.455345E+3	1.346659E-3	8.749947E+1
3.696974E+15	2.124851E+0	3.449692E+3	1.346676E-3	8.775479E+1
3.691082E+15	2.124867E+0	3.444241E+3	1.346658E-3	8.801270E+1
3.690997E+15	2.124845E+0	3.444098E+3	1.346683E-3	8.827223E+1
3.691082E+15	2.124867E+0	3.444241E+3	1.346658E-3	8.854831E+1
3.685040E+15	2.124844E+0	3.438537E+3	1.346684E-3	8.883575E+1
3.685327E+15	2.124918E+0	3.439022E+3	1.346599E-3	8.910696E+1
3.679186E+15	2.124870E+0	3.433150E+3	1.346654E-3	8.937298E+1
3.672981E+15	2.124804E+0	3.427169E+3	1.346729E-3	8.963381E+1
3.672939E+15	2.124793E+0	3.427098E+3	1.346742E-3	8.986577E+1
3.667063E+15	2.124813E+0	3.421672E+3	1.346719E-3	9.013828E+1
3.679110E+15	2.124850E+0	3.433021E+3	1.346677E-3	9.039749E+1
3.660265E+15	2.124592E+0	3.414691E+3	1.346971E-3	9.064827E+1
3.636323E+15	2.124557E+0	3.392252E+3	1.347012E-3	9.091818E+1
3.636636E+15	2.124639E+0	3.392782E+3	1.346918E-3	9.117869E+1
3.636474E+15	2.124596E+0	3.392507E+3	1.346966E-3	9.145023E+1
3.636493E+15	2.124601E+0	3.392539E+3	1.346961E-3	9.170716E+1
3.636372E+15	2.124570E+0	3.392335E+3	1.346997E-3	9.196280E+1
3.636277E+15	2.124545E+0	3.392175E+3	1.347025E-3	9.223661E+1
3.618405E+15	2.124540E+0	3.375488E+3	1.347031E-3	9.252113E+1
3.618265E+15	2.124503E+0	3.375253E+3	1.347073E-3	9.280077E+1
3.624247E+15	2.124511E+0	3.380855E+3	1.347064E-3	9.305706E+1
3.594315E+15	2.124464E+0	3.352801E+3	1.347117E-3	9.333639E+1
3.582432E+15	2.124469E+0	3.341731E+3	1.347112E-3	9.361084E+1
3.570557E+15	2.124476E+0	3.330672E+3	1.347104E-3	9.388952E+1
3.564669E+15	2.124493E+0	3.325228E+3	1.347084E-3	9.414711E+1
3.564572E+15	2.124467E+0	3.325065E+3	1.347114E-3	9.442026E+1
3.564528E+15	2.124455E+0	3.324990E+3	1.347128E-3	9.469959E+1
3.552600E+15	2.124448E+0	3.313844E+3	1.347136E-3	9.495815E+1
3.546727E+15	2.124469E+0	3.308424E+3	1.347112E-3	9.524461E+1
3.534950E+15	2.124503E+0	3.297533E+3	1.347073E-3	9.550155E+1
3.522942E+15	2.124474E+0	3.286251E+3	1.347106E-3	9.577406E+1
3.511066E+15	2.124481E+0	3.275192E+3	1.347098E-3	9.604657E+1
3.499454E+15	2.124561E+0	3.264581E+3	1.347007E-3	9.631908E+1
3.487642E+15	2.124586E+0	3.253630E+3	1.346979E-3	9.659418E+1
3.475439E+15	2.124503E+0	3.242019E+3	1.347073E-3	9.689395E+1
3.463577E+15	2.124514E+0	3.230983E+3	1.347061E-3	9.714634E+1
3.445566E+15	2.124470E+0	3.214063E+3	1.347111E-3	9.737960E+1
3.439865E+15	2.124540E+0	3.208934E+3	1.347031E-3	9.765957E+1
3.427887E+15	2.124519E+0	3.197704E+3	1.347055E-3	9.789607E+1
3.421979E+15	2.124531E+0	3.192225E+3	1.347041E-3	9.818415E+1
3.410041E+15	2.124521E+0	3.181062E+3	1.347053E-3	9.843395E+1
3.397994E+15	2.124480E+0	3.169714E+3	1.347099E-3	9.867857E+1
3.392223E+15	2.124531E+0	3.164466E+3	1.347041E-3	9.894329E+1
3.392223E+15	2.124531E+0	3.164466E+3	1.347041E-3	9.918822E+1
3.380130E+15	2.124477E+0	3.153042E+3	1.347103E-3	9.942051E+1
3.373962E+15	2.124416E+0	3.147124E+3	1.347173E-3	9.966382E+1
3.368295E+15	2.124496E+0	3.142053E+3	1.347081E-3	9.987339E+1
3.356226E+15	2.124448E+0	3.130667E+3	1.347136E-3	1.001096E+2
3.350449E+15	2.124498E+0	3.125410E+3	1.347079E-3	1.003565E+2
3.338533E+15	2.124494E+0	3.114284E+3	1.347083E-3	1.006079E+2
3.326558E+15	2.124473E+0	3.103059E+3	1.347107E-3	1.008486E+2
3.320642E+15	2.124483E+0	3.097566E+3	1.347096E-3	1.010825E+2
3.314625E+15	2.124464E+0	3.091904E+3	1.347117E-3	1.013050E+2
3.308692E+15	2.124469E+0	3.086382E+3	1.347112E-3	1.015315E+2
3.302617E+15	2.124433E+0	3.080623E+3	1.347153E-3	1.017589E+2
3.291913E+15	2.124781E+0	3.071544E+3	1.346755E-3	1.019886E+2
3.267341E+15	2.124559E+0	3.048041E+3	1.347010E-3	1.021969E+2
3.255141E+15	2.124471E+0	3.036434E+3	1.347109E-3	1.023951E+2
3.249217E+15	2.124479E+0	3.030929E+3	1.347100E-3	1.026014E+2
3.231381E+15	2.124484E+0	3.014304E+3	1.347095E-3	1.028434E+2
3.207433E+15	2.124441E+0	2.991857E+3	1.347144E-3	1.030699E+2
3.189710E+15	2.124480E+0	2.975423E+3	1.347099E-3	1.032726E+2
3.177690E+15	2.124444E+0	2.964120E+3	1.347140E-3	1.035406E+2
3.159683E+15	2.124398E+0	2.947207E+3	1.347193E-3	1.038365E+2
3.141998E+15	2.124448E+0	2.930837E+3	1.347136E-3	1.041132E+2
3.118169E+15	2.124440E+0	2.908590E+3	1.347145E-3	1.043624E+2
3.094318E+15	2.124425E+0	2.886306E+3	1.347162E-3	1.046271E+2
3.064537E+15	2.124417E+0	2.858504E+3	1.347172E-3	1.048542E+2
3.034856E+15	2.124439E+0	2.830874E+3	1.347146E-3	1.050693E+2
3.005050E+15	2.124423E+0	2.803031E+3	1.347165E-3	1.052824E+2
2.981508E+15	2.124506E+0	2.781268E+3	1.347070E-3	1.054758E+2
2.975346E+15	2.124438E+0	2.775362E+3	1.347147E-3	1.056467E+2
2.951534E+15	2.124435E+0	2.753143E+3	1.347150E-3	1.058475E+2
2.903823E+15	2.124401E+0	2.708560E+3	1.347190E-3	1.060623E+2
2.868267E+15	2.124449E+0	2.675504E+3	1.347134E-3	1.062618E+2
2.820622E+15	2.124436E+0	2.631033E+3	1.347149E-3	1.064347E+2
2.791066E+15	2.124504E+0	2.603613E+3	1.347072E-3	1.066119E+2
2.755331E+15	2.124494E+0	2.570256E+3	1.347083E-3	1.067958E+2
2.707703E+15	2.124487E+0	2.525812E+3	1.347091E-3	1.069470E+2
2.654199E+15	2.124507E+0	2.475944E+3	1.347069E-3	1.071047E+2
2.600496E+15	2.124454E+0	2.425739E+3	1.347129E-3	1.072711E+2
2.529194E+15	2.124495E+0	2.359311E+3	1.347082E-3	1.073944E+2
2.469748E+15	2.124520E+0	2.303906E+3	1.347054E-3	1.075387E+2
2.416087E+15	2.124480E+0	2.253772E+3	1.347099E-3	1.076539E+2
2.362658E+15	2.124533E+0	2.204031E+3	1.347039E-3	1.077743E+2
2.308989E+15	2.124488E+0	2.153883E+3	1.347090E-3	1.078751E+2
2.261616E+15	2.124588E+0	2.109870E+3	1.346977E-3	1.079530E+2
2.213885E+15	2.124537E+0	2.065254E+3	1.347035E-3	1.080571E+2
2.178259E+15	2.124573E+0	2.032081E+3	1.346994E-3	1.081490E+2
2.142539E+15	2.124568E+0	1.998749E+3	1.346999E-3	1.082453E+2
2.094774E+15	2.124498E+0	1.954075E+3	1.347079E-3	1.083462E+2
2.065165E+15	2.124566E+0	1.926565E+3	1.347002E-3	1.084257E+2
2.041340E+15	2.124557E+0	1.904325E+3	1.347012E-3	1.085149E+2
2.023536E+15	2.124581E+0	1.887754E+3	1.346985E-3	1.085846E+2
1.993720E+15	2.124553E+0	1.859895E+3	1.347016E-3	1.086450E+2
1.969929E+15	2.124560E+0	1.837711E+3	1.347008E-3	1.087066E+2
1.940117E+15	2.124533E+0	1.809859E+3	1.347039E-3	1.087744E+2
1.916306E+15	2.124530E+0	1.787642E+3	1.347042E-3	1.088416E+2
1.886558E+15	2.124534E+0	1.759897E+3	1.347038E-3	1.088990E+2
1.862588E+15	2.124449E+0	1.737413E+3	1.347134E-3	1.089791E+2
1.838938E+15	2.124529E+0	1.715467E+3	1.347044E-3	1.090359E+2
1.827096E+15	2.124561E+0	1.704467E+3	1.347007E-3	1.090904E+2
1.815061E+15	2.124491E+0	1.693140E+3	1.347087E-3	1.091410E+2
1.803264E+15	2.124547E+0	1.682214E+3	1.347023E-3	1.091945E+2
1.785460E+15	2.124574E+0	1.665643E+3	1.346993E-3	1.092679E+2
1.773476E+15	2.124530E+0	1.654402E+3	1.347042E-3	1.093071E+2
1.761605E+15	2.124547E+0	1.643351E+3	1.347023E-3	1.093493E+2
1.749669E+15	2.124529E+0	1.632192E+3	1.347044E-3	1.094093E+2
1.731693E+15	2.124461E+0	1.615331E+3	1.347121E-3	1.094580E+2
1.702027E+15	2.124511E+0	1.587725E+3	1.347064E-3	1.095245E+2
1.684100E+15	2.124469E+0	1.570946E+3	1.347112E-3	1.095414E+2
1.660323E+15	2.124484E+0	1.548786E+3	1.347095E-3	1.095783E+2
1.642511E+15	2.124508E+0	1.532202E+3	1.347067E-3	1.096491E+2
1.624765E+15	2.124572E+0	1.515730E+3	1.346995E-3	1.097019E+2
1.606871E+15	2.124548E+0	1.499006E+3	1.347022E-3	1.097730E+2
1.589031E+15	2.124557E+0	1.482375E+3	1.347012E-3	1.098135E+2
1.559145E+15	2.124477E+0	1.454396E+3	1.347103E-3	1.098557E+2
1.541367E+15	2.124524E+0	1.437870E+3	1.347049E-3	1.099332E+2
1.529466E+15	2.124525E+0	1.426770E+3	1.347048E-3	1.099903E+2
1.505636E+15	2.124509E+0	1.404521E+3	1.347066E-3	1.100585E+2
1.487794E+15	2.124516E+0	1.387885E+3	1.347058E-3	1.101143E+2
1.469882E+15	2.124478E+0	1.371132E+3	1.347102E-3	1.101772E+2
1.434251E+15	2.124528E+0	1.337951E+3	1.347045E-3	1.102148E+2
1.416383E+15	2.124518E+0	1.321271E+3	1.347056E-3	1.102781E+2
1.404464E+15	2.124507E+0	1.310141E+3	1.347069E-3	1.103479E+2
1.398487E+15	2.124489E+0	1.304545E+3	1.347089E-3	1.103981E+2
1.380694E+15	2.124531E+0	1.287993E+3	1.347041E-3	1.104513E+2
1.356900E+15	2.124539E+0	1.265806E+3	1.347032E-3	1.105457E+2
1.339023E+15	2.124522E+0	1.249110E+3	1.347052E-3	1.106038E+2
1.321218E+15	2.124558E+0	1.232539E+3	1.347011E-3	1.106940E+2
1.309356E+15	2.124588E+0	1.221504E+3	1.346977E-3	1.107566E+2
1.303357E+15	2.124553E+0	1.215872E+3	1.347016E-3	1.108306E+2
1.291477E+15	2.124570E+0	1.204806E+3	1.346997E-3	1.108903E+2
1.279528E+15	2.124535E+0	1.193623E+3	1.347037E-3	1.109649E+2
1.267616E+15	2.124528E+0	1.182504E+3	1.347045E-3	1.110460E+2
1.261646E+15	2.124514E+0	1.176922E+3	1.347061E-3	1.111310E+2
1.261570E+15	2.124456E+0	1.176793E+3	1.347126E-3	1.112205E+2
1.255647E+15	2.124477E+0	1.171289E+3	1.347103E-3	1.112883E+2
1.237810E+15	2.124489E+0	1.154661E+3	1.347089E-3	1.113704E+2
1.225941E+15	2.124515E+0	1.143615E+3	1.347060E-3	1.114460E+2
1.220029E+15	2.124546E+0	1.138130E+3	1.347024E-3	1.115213E+2
1.214002E+15	2.124486E+0	1.132450E+3	1.347092E-3	1.115761E+2
1.208144E+15	2.124560E+0	1.127056E+3	1.347008E-3	1.116371E+2
1.196150E+15	2.124487E+0	1.115798E+3	1.347091E-3	1.117175E+2
1.190224E+15	2.124507E+0	1.110289E+3	1.347069E-3	1.117847E+2
1.184268E+15	2.124503E+0	1.104729E+3	1.347073E-3	1.118746E+2
1.172429E+15	2.124555E+0	1.093733E+3	1.347014E-3	1.119527E+2
1.166480E+15	2.124557E+0	1.088186E+3	1.347012E-3	1.119988E+2
1.160496E+15	2.124530E+0	1.082579E+3	1.347042E-3	1.120617E+2
1.154515E+15	2.124505E+0	1.076976E+3	1.347071E-3	1.121461E+2
1.142711E+15	2.124588E+0	1.066040E+3	1.346977E-3	1.122210E+2
1.136674E+15	2.124516E+0	1.060344E+3	1.347058E-3	1.123167E+2
1.130728E+15	2.124520E+0	1.054800E+3	1.347054E-3	1.124128E+2
1.118826E+15	2.124520E+0	1.043697E+3	1.347054E-3	1.125279E+2
1.112887E+15	2.124531E+0	1.038167E+3	1.347041E-3	1.126483E+2
1.106930E+15	2.124526E+0	1.032606E+3	1.347047E-3	1.127833E+2
1.095148E+15	2.124631E+0	1.021706E+3	1.346927E-3	1.128903E+2
1.089113E+15	2.124558E+0	1.016012E+3	1.347011E-3	1.130460E+2
1.083151E+15	2.124549E+0	1.010443E+3	1.347021E-3	1.131914E+2
1.065272E+15	2.124527E+0	9.937460E+2	1.347046E-3	1.133364E+2
1.059278E+15	2.124488E+0	9.881218E+2	1.347090E-3	1.134528E+2
1.059320E+15	2.124526E+0	9.881925E+2	1.347047E-3	1.135583E+2
1.059502E+15	2.124690E+0	9.884993E+2	1.346860E-3	1.136975E+2
1.047409E+15	2.124518E+0	9.770745E+2	1.347056E-3	1.138272E+2
1.041451E+15	2.124512E+0	9.715119E+2	1.347063E-3	1.139388E+2
1.035526E+15	2.124536E+0	9.660041E+2	1.347036E-3	1.140585E+2
1.023540E+15	2.124458E+0	9.547604E+2	1.347124E-3	1.141841E+2
1.017587E+15	2.124456E+0	9.492059E+2	1.347126E-3	1.143210E+2
1.011667E+15	2.124485E+0	9.437065E+2	1.347094E-3	1.144540E+2
1.011589E+15	2.124412E+0	9.435751E+2	1.347178E-3	1.145825E+2
1.011618E+15	2.124438E+0	9.436230E+2	1.347147E-3	1.147181E+2
1.017696E+15	2.124559E+0	9.493899E+2	1.347010E-3	1.148109E+2
1.071128E+15	2.124441E+0	9.991359E+2	1.347144E-3	1.149111E+2
1.094905E+15	2.124419E+0	1.021295E+3	1.347170E-3	1.150506E+2
1.118757E+15	2.124461E+0	1.043581E+3	1.347121E-3	1.151560E+2
1.130591E+15	2.124404E+0	1.054568E+3	1.347187E-3	1.152897E+2
1.136569E+15	2.124427E+0	1.060166E+3	1.347159E-3	1.154013E+2
1.118929E+15	2.124608E+0	1.043872E+3	1.346953E-3	1.155382E+2
1.094922E+15	2.124433E+0	1.021324E+3	1.347153E-3	1.156654E+2
1.077139E+15	2.124495E+0	1.004789E+3	1.347082E-3	1.158136E+2
1.065195E+15	2.124457E+0	9.936151E+2	1.347125E-3	1.159285E+2
1.065211E+15	2.124471E+0	9.936413E+2	1.347109E-3	1.160576E+2
1.077119E+15	2.124477E+0	1.004755E+3	1.347103E-3	1.161815E+2
1.077292E+15	2.124631E+0	1.005048E+3	1.346927E-3	1.163671E+2
1.172304E+15	2.124452E+0	1.093521E+3	1.347131E-3	1.165335E+2
1.059218E+15	2.124433E+0	9.880195E+2	1.347153E-3	1.167476E+2
1.088926E+15	2.124394E+0	1.015696E+3	1.347198E-3	1.169433E+2
1.071184E+15	2.124491E+0	9.992299E+2	1.347087E-3	1.171356E+2
1.065287E+15	2.124540E+0	9.937703E+2	1.347031E-3	1.173066E+2
1.065230E+15	2.124489E+0	9.936749E+2	1.347089E-3	1.174425E+2
1.059232E+15	2.124446E+0	9.880437E+2	1.347138E-3	1.175986E+2
1.059290E+15	2.124499E+0	9.881422E+2	1.347078E-3	1.177319E+2
1.047407E+15	2.124516E+0	9.770708E+2	1.347058E-3	1.178536E+2
1.041408E+15	2.124472E+0	9.714388E+2	1.347108E-3	1.179746E+2
1.035443E+15	2.124459E+0	9.658641E+2	1.347123E-3	1.181089E+2
1.023600E+15	2.124514E+0	9.548610E+2	1.347061E-3	1.182562E+2
1.011636E+15	2.124455E+0	9.436532E+2	1.347128E-3	1.183989E+2
1.011663E+15	2.124481E+0	9.436994E+2	1.347098E-3	1.185585E+2
1.011685E+15	2.124502E+0	9.437367E+2	1.347074E-3	1.186815E+2
9.937956E+14	2.124467E+0	9.270215E+2	1.347114E-3	1.188703E+2
9.878612E+14	2.124483E+0	9.214982E+2	1.347096E-3	1.190328E+2
9.997797E+14	2.124499E+0	9.326286E+2	1.347078E-3	1.192106E+2
1.005717E+15	2.124486E+0	9.381570E+2	1.347092E-3	1.194179E+2
9.937708E+14	2.124443E+0	9.269796E+2	1.347141E-3	1.196168E+2
9.877975E+14	2.124422E+0	9.213907E+2	1.347166E-3	1.198215E+2
9.879197E+14	2.124540E+0	9.215970E+2	1.347031E-3	1.200122E+2
9.879258E+14	2.124546E+0	9.216074E+2	1.347024E-3	1.201631E+2
9.819245E+14	2.124497E+0	9.159711E+2	1.347080E-3	1.203406E+2
9.759400E+14	2.124464E+0	9.103632E+2	1.347117E-3	1.205034E+2
9.640272E+14	2.124453E+0	8.992426E+2	1.347130E-3	1.206786E+2
9.521464E+14	2.124474E+0	8.881760E+2	1.347106E-3	1.208531E+2
9.520723E+14	2.124400E+0	8.880506E+2	1.347191E-3	1.210105E+2
9.521326E+14	2.124460E+0	8.881526E+2	1.347122E-3	1.211626E+2
9.521227E+14	2.124450E+0	8.881359E+2	1.347133E-3	1.213099E+2
9.521405E+14	2.124468E+0	8.881659E+2	1.347113E-3	1.214640E+2
9.463784E+14	2.124659E+0	8.829338E+2	1.346895E-3	1.216084E+2
9.462535E+14	2.124533E+0	8.827229E+2	1.347039E-3	1.217310E+2
9.700879E+14	2.124562E+0	9.049791E+2	1.347006E-3	1.218627E+2
1.017624E+15	2.124491E+0	9.492684E+2	1.347087E-3	1.219776E+2
1.017636E+15	2.124502E+0	9.492881E+2	1.347074E-3	1.220924E+2
9.878858E+14	2.124507E+0	9.215398E+2	1.347069E-3	1.222345E+2
9.700838E+14	2.124558E+0	9.049723E+2	1.347011E-3	1.223182E+2
9.700324E+14	2.124507E+0	9.048855E+2	1.347069E-3	1.224158E+2
9.700677E+14	2.124542E+0	9.049451E+2	1.347029E-3	1.225171E+2
9.759602E+14	2.124484E+0	9.103975E+2	1.347095E-3	1.226355E+2
1.005753E+15	2.124520E+0	9.382171E+2	1.347054E-3	1.227445E+2
1.005657E+15	2.124428E+0	9.380547E+2	1.347158E-3	1.228619E+2
9.937688E+14	2.124441E+0	9.269761E+2	1.347144E-3	1.229421E+2
9.820469E+14	2.124616E+0	9.161780E+2	1.346944E-3	1.230287E+2
9.819173E+14	2.124490E+0	9.159590E+2	1.347088E-3	1.231228E+2
9.819051E+14	2.124478E+0	9.159384E+2	1.347102E-3	1.232003E+2
9.818847E+14	2.124458E+0	9.159039E+2	1.347124E-3	1.232992E+2
9.819357E+14	2.124508E+0	9.159901E+2	1.347067E-3	1.234160E+2
9.760130E+14	2.124536E+0	9.104866E+2	1.347036E-3	1.234919E+2
9.640723E+14	2.124498E+0	8.993188E+2	1.347079E-3	1.236048E+2
9.342927E+14	2.124473E+0	8.715210E+2	1.347107E-3	1.237151E+2
9.223717E+14	2.124453E+0	8.603865E+2	1.347130E-3	1.238842E+2
9.164419E+14	2.124475E+0	8.548710E+2	1.347105E-3	1.240143E+2
9.224609E+14	2.124546E+0	8.605370E+2	1.347024E-3	1.241868E+2
9.282907E+14	2.124421E+0	8.658836E+2	1.347167E-3	1.243046E+2
9.283245E+14	2.124455E+0	8.659406E+2	1.347128E-3	1.244143E+2
9.223698E+14	2.124451E+0	8.603832E+2	1.347132E-3	1.245038E+2
9.044752E+14	2.124407E+0	8.436592E+2	1.347183E-3	1.246073E+2
8.866127E+14	2.124395E+0	8.269894E+2	1.347197E-3	1.247101E+2
8.748654E+14	2.124563E+0	8.161483E+2	1.347005E-3	1.247864E+2
8.747691E+14	2.124457E+0	8.159856E+2	1.347125E-3	1.248743E+2
8.866689E+14	2.124455E+0	8.270843E+2	1.347128E-3	1.249577E+2
8.985873E+14	2.124473E+0	8.382145E+2	1.347107E-3	1.250177E+2
9.044780E+14	2.124410E+0	8.436640E+2	1.347180E-3	1.251046E+2
9.045119E+14	2.124445E+0	8.437211E+2	1.347139E-3	1.251860E+2
9.044799E+14	2.124412E+0	8.436671E+2	1.347178E-3	1.252393E+2
8.987124E+14	2.124606E+0	8.384259E+2	1.346955E-3	1.253178E+2
8.806604E+14	2.124393E+0	8.214360E+2	1.347199E-3	1.253888E+2
8.806550E+14	2.124387E+0	8.214267E+2	1.347206E-3	1.254556E+2
8.926197E+14	2.124455E+0	8.326352E+2	1.347128E-3	1.255108E+2
8.866698E+14	2.124456E+0	8.270859E+2	1.347126E-3	1.255984E+2
8.807044E+14	2.124440E+0	8.215102E+2	1.347145E-3	1.256756E+2
8.807538E+14	2.124494E+0	8.215937E+2	1.347083E-3	1.257382E+2
8.806998E+14	2.124435E+0	8.215025E+2	1.347150E-3	1.258161E+2
8.806952E+14	2.124430E+0	8.214948E+2	1.347156E-3	1.258816E+2
8.806275E+14	2.124357E+0	8.213804E+2	1.347240E-3	1.259708E+2
8.806678E+14	2.124401E+0	8.214484E+2	1.347190E-3	1.260328E+2
8.805873E+14	2.124313E+0	8.213124E+2	1.347290E-3	1.261077E+2
8.985667E+14	2.124451E+0	8.381798E+2	1.347132E-3	1.261658E+2
8.865326E+14	2.124308E+0	8.268540E+2	1.347296E-3	1.262187E+2
8.746728E+14	2.124352E+0	8.158228E+2	1.347246E-3	1.262858E+2
8.747073E+14	2.124390E+0	8.158812E+2	1.347203E-3	1.263196E+2
8.747391E+14	2.124425E+0	8.159349E+2	1.347163E-3	1.263627E+2
8.925835E+14	2.124417E+0	8.325741E+2	1.347172E-3	1.264386E+2
9.045429E+14	2.124478E+0	8.437735E+2	1.347102E-3	1.264938E+2
9.044827E+14	2.124415E+0	8.436719E+2	1.347174E-3	1.265587E+2
8.807108E+14	2.124447E+0	8.215210E+2	1.347137E-3	1.266469E+2
8.747200E+14	2.124404E+0	8.159027E+2	1.347187E-3	1.267416E+2
8.747764E+14	2.124465E+0	8.159979E+2	1.347116E-3	1.268162E+2
8.688598E+14	2.124503E+0	8.105048E+2	1.347073E-3	1.268961E+2
8.688147E+14	2.124453E+0	8.104285E+2	1.347130E-3	1.269522E+2
8.688264E+14	2.124466E+0	8.104484E+2	1.347115E-3	1.270339E+2
8.628460E+14	2.124433E+0	8.048474E+2	1.347153E-3	1.270836E+2
8.628720E+14	2.124462E+0	8.048913E+2	1.347120E-3	1.271345E+2
8.687804E+14	2.124416E+0	8.103706E+2	1.347173E-3	1.271877E+2
8.747491E+14	2.124435E+0	8.159518E+2	1.347150E-3	1.272445E+2
8.747727E+14	2.124461E+0	8.159917E+2	1.347121E-3	1.272876E+2
8.807281E+14	2.124466E+0	8.215504E+2	1.347115E-3	1.273418E+2
8.866836E+14	2.124471E+0	8.271092E+2	1.347109E-3	1.273882E+2
8.748954E+14	2.124595E+0	8.161990E+2	1.346968E-3	1.274339E+2
8.748127E+14	2.124505E+0	8.160593E+2	1.347071E-3	1.274781E+2
8.748054E+14	2.124497E+0	8.160470E+2	1.347080E-3	1.275215E+2
8.747064E+14	2.124389E+0	8.158796E+2	1.347204E-3	1.275660E+2
8.747164E+14	2.124400E+0	8.158965E+2	1.347191E-3	1.276094E+2
8.569273E+14	2.124469E+0	7.993508E+2	1.347112E-3	1.276338E+2
8.211888E+14	2.124430E+0	7.659883E+2	1.347156E-3	1.276743E+2
8.093362E+14	2.124488E+0	7.549695E+2	1.347090E-3	1.277003E+2
8.152686E+14	2.124466E+0	7.604892E+2	1.347115E-3	1.277266E+2
8.271755E+14	2.124472E+0	7.716000E+2	1.347108E-3	1.277781E+2
8.330996E+14	2.124441E+0	7.771057E+2	1.347144E-3	1.278051E+2
8.271463E+14	2.124438E+0	7.715506E+2	1.347147E-3	1.278492E+2
8.271291E+14	2.124419E+0	7.715216E+2	1.347170E-3	1.278972E+2
8.272975E+14	2.124613E+0	7.718062E+2	1.346947E-3	1.279290E+2
8.390756E+14	2.124470E+0	7.826992E+2	1.347111E-3	1.279601E+2
8.390991E+14	2.124497E+0	7.827389E+2	1.347080E-3	1.279822E+2
8.390860E+14	2.124482E+0	7.827169E+2	1.347097E-3	1.280133E+2
8.331333E+14	2.124480E+0	7.771627E+2	1.347099E-3	1.280627E+2
8.331359E+14	2.124483E+0	7.771671E+2	1.347096E-3	1.281035E+2
8.390546E+14	2.124446E+0	7.826638E+2	1.347138E-3	1.281470E+2
8.509685E+14	2.124460E+0	7.937864E+2	1.347122E-3	1.281743E+2
8.509765E+14	2.124469E+0	7.937998E+2	1.347112E-3	1.282018E+2
8.509880E+14	2.124482E+0	7.938192E+2	1.347097E-3	1.281944E+2
8.332008E+14	2.124558E+0	7.772768E+2	1.347011E-3	1.282057E+2
8.153025E+14	2.124506E+0	7.605465E+2	1.347070E-3	1.282135E+2
8.152576E+14	2.124453E+0	7.604706E+2	1.347130E-3	1.282388E+2
8.212169E+14	2.124463E+0	7.660359E+2	1.347119E-3	1.282417E+2
8.450203E+14	2.124463E+0	7.882399E+2	1.347119E-3	1.282440E+2
8.569603E+14	2.124506E+0	7.994065E+2	1.347070E-3	1.282567E+2
8.452187E+14	2.124688E+0	7.885751E+2	1.346862E-3	1.282816E+2
8.390913E+14	2.124488E+0	7.827257E+2	1.347090E-3	1.282888E+2
8.390703E+14	2.124464E+0	7.826903E+2	1.347117E-3	1.283027E+2
8.390721E+14	2.124466E+0	7.826933E+2	1.347115E-3	1.283238E+2
8.391636E+14	2.124571E+0	7.828479E+2	1.346996E-3	1.283696E+2
8.391096E+14	2.124509E+0	7.827566E+2	1.347066E-3	1.283955E+2
8.450677E+14	2.124517E+0	7.883200E+2	1.347057E-3	1.284069E+2
8.392072E+14	2.124620E+0	7.829216E+2	1.346939E-3	1.284325E+2
8.033243E+14	2.124416E+0	7.493153E+2	1.347173E-3	1.284331E+2
7.974525E+14	2.124510E+0	7.438978E+2	1.347065E-3	1.284474E+2
9.402300E+14	2.124459E+0	8.770490E+2	1.347123E-3	1.284860E+2
8.866772E+14	2.124464E+0	8.270983E+2	1.347117E-3	1.284782E+2
8.807437E+14	2.124483E+0	8.215767E+2	1.347096E-3	1.284893E+2
8.867131E+14	2.124503E+0	8.271590E+2	1.347073E-3	1.285262E+2
8.866790E+14	2.124466E+0	8.271014E+2	1.347115E-3	1.285438E+2
8.866698E+14	2.124456E+0	8.270859E+2	1.347126E-3	1.285486E+2
7.022430E+14	2.124522E+0	6.550889E+2	1.347052E-3	1.285532E+2
7.379074E+14	2.124466E+0	6.883260E+2	1.347115E-3	1.285687E+2
7.498340E+14	2.124498E+0	6.994702E+2	1.347079E-3	1.285671E+2
7.617140E+14	2.124470E+0	7.105354E+2	1.347111E-3	1.285717E+2
7.736077E+14	2.124460E+0	7.216240E+2	1.347122E-3	1.285532E+2
7.973995E+14	2.124446E+0	7.438082E+2	1.347138E-3	1.285434E+2
8.033644E+14	2.124463E+0	7.493830E+2	1.347119E-3	1.285275E+2
8.093976E+14	2.124561E+0	7.550732E+2	1.347007E-3	1.285097E+2
8.152246E+14	2.124415E+0	7.604148E+2	1.347174E-3	1.284996E+2
8.152754E+14	2.124474E+0	7.605007E+2	1.347106E-3	1.284873E+2
8.152737E+14	2.124472E+0	7.604978E+2	1.347108E-3	1.284919E+2
8.152788E+14	2.124478E+0	7.605064E+2	1.347102E-3	1.284954E+2
7.855306E+14	2.124486E+0	7.327617E+2	1.347092E-3	1.284837E+2
7.617227E+14	2.124481E+0	7.105501E+2	1.347098E-3	1.284802E+2
7.498519E+14	2.124521E+0	6.995004E+2	1.347053E-3	1.284558E+2
7.557615E+14	2.124468E+0	7.049817E+2	1.347113E-3	1.284523E+2
7.557647E+14	2.124472E+0	7.049870E+2	1.347108E-3	1.284490E+2
7.498441E+14	2.124511E+0	6.994873E+2	1.347064E-3	1.284309E+2
7.498099E+14	2.124467E+0	6.994294E+2	1.347114E-3	1.284237E+2
7.498223E+14	2.124483E+0	6.994504E+2	1.347096E-3	1.284302E+2
7.557207E+14	2.124417E+0	7.049127E+2	1.347172E-3	1.284357E+2
7.557309E+14	2.124429E+0	7.049300E+2	1.347157E-3	1.284146E+2
7.558479E+14	2.124578E+0	7.051277E+2	1.346988E-3	1.284004E+2
7.557662E+14	2.124474E+0	7.049897E+2	1.347106E-3	1.284091E+2
7.617417E+14	2.124505E+0	7.105822E+2	1.347071E-3	1.283871E+2
7.676497E+14	2.124451E+0	7.160609E+2	1.347132E-3	1.283796E+2
7.676617E+14	2.124466E+0	7.160811E+2	1.347115E-3	1.283900E+2
7.676410E+14	2.124440E+0	7.160461E+2	1.347145E-3	1.283923E+2
7.677367E+14	2.124560E+0	7.162078E+2	1.347008E-3	1.284030E+2
7.676202E+14	2.124415E+0	7.160110E+2	1.347174E-3	1.284195E+2
7.914430E+14	2.124439E+0	7.382477E+2	1.347146E-3	1.284211E+2
